[[0], [0], [0], [0], [0], [0], [0], [0], [0], [0], [0], [0], [0], [0], [0]]
 15A1 +Genus of
[-4 -2 -2 -1 -2 -1 -1  0 -1  0  0 -1  0 -1 -1]
[-2 -4 -2 -1 -2 -1  0 -1 -1  0 -1  0 -1  0 -1]
[-2 -2 -4 -1 -2  0 -1 -1 -1 -1  0  0 -1 -1  0]
[-1 -1 -1 -2  0  0  0  0  0  0  0  0  0  0  0]
[-2 -2 -2  0 -4 -1 -1 -1 -1 -1 -1 -1  0  0  0]
[-1 -1  0  0 -1 -2  0  0  0  0  0  0  0  0  0]
[-1  0 -1  0 -1  0 -2  0  0  0  0  0  0  0  0]
[ 0 -1 -1  0 -1  0  0 -2  0  0  0  0  0  0  0]
[-1 -1 -1  0 -1  0  0  0 -2  0  0  0  0  0  0]
[ 0  0 -1  0 -1  0  0  0  0 -2  0  0  0  0  0]
[ 0 -1  0  0 -1  0  0  0  0  0 -2  0  0  0  0]
[-1  0  0  0 -1  0  0  0  0  0  0 -2  0  0  0]
[ 0 -1 -1  0  0  0  0  0  0  0  0  0 -2  0  0]
[-1  0 -1  0  0  0  0  0  0  0  0  0  0 -2  0]
[-1 -1  0  0  0  0  0  0  0  0  0  0  0  0 -2]
Signature:  (0, 15)
Genus symbol at 2:    1^8 [2^7]_1
Finite quadratic module over Integer Ring with invariants (2, 2, 2, 2, 2, 2, 2)
Gram matrix of the quadratic form with values in Q/2Z:
[3/2   0   0   0   0   0   0]
[  0 1/2 1/2 1/2 1/2 1/2   0]
[  0 1/2 1/2 1/2 1/2   0 1/2]
[  0 1/2 1/2 1/2   0 1/2 1/2]
[  0 1/2 1/2   0 1/2 1/2 1/2]
[  0 1/2   0 1/2 1/2 1/2 1/2]
[  0   0 1/2 1/2 1/2 1/2 1/2]
7
[True]
[[1, 1], [1, 1], [1, 1], [0], [0], [0], [0], [0], [0], [0], [0], [0]]
 3A2 + 9A1 +Genus of
[-2  1  0  0  0  0  0  0  0  0  0  0  0  0  0]
[ 1 -2  0  0  0  0  0  0  0  0  0  0  0  0  0]
[ 0  0 -2  1  0  0  0  0  0  0  0  0  0  0  0]
[ 0  0  1 -2  0  0  0  0  0  0  0  0  0  0  0]
[ 0  0  0  0 -2  1  0  0  0  0  0  0  0  0  0]
[ 0  0  0  0  1 -2  0  0  0  0  0  0  0  0  0]
[ 0  0  0  0  0  0 -4 -1 -1 -1 -1 -1 -1 -1  0]
[ 0  0  0  0  0  0 -1 -2  0  0  0  0  0  0  0]
[ 0  0  0  0  0  0 -1  0 -2  0  0  0  0  0  0]
[ 0  0  0  0  0  0 -1  0  0 -2  0  0  0  0  0]
[ 0  0  0  0  0  0 -1  0  0  0 -2  0  0  0  0]
[ 0  0  0  0  0  0 -1  0  0  0  0 -2  0  0  0]
[ 0  0  0  0  0  0 -1  0  0  0  0  0 -2  0  0]
[ 0  0  0  0  0  0 -1  0  0  0  0  0  0 -2  0]
[ 0  0  0  0  0  0  0  0  0  0  0  0  0  0 -2]
Signature:  (0, 15)
Genus symbol at 2:    1^-8 [2^7]_7
Genus symbol at 3:     1^12 3^3
Finite quadratic module over Integer Ring with invariants (2, 2, 2, 2, 6, 6, 6)
Gram matrix of the quadratic form with values in Q/2Z:
[  1 1/2 1/2 1/2 1/2 1/2   0]
[1/2   1 1/2 1/2 1/2 1/2   0]
[1/2 1/2   1 1/2 1/2 1/2   0]
[1/2 1/2 1/2   1 1/2 1/2   0]
[1/2 1/2 1/2 1/2 1/3 1/2   0]
[1/2 1/2 1/2 1/2 1/2 1/3   0]
[  0   0   0   0   0   0 5/6]
7
[True]
[[1, 1], [1, 1], [1, 1], [1, 1], [0], [0], [0], [0], [0], [0], [0]]
 4A2 + 7A1 +Genus of
[-2  1  0  0  0  0  0  0  0  0  0  0  0  0  0]
[ 1 -2  0  0  0  0  0  0  0  0  0  0  0  0  0]
[ 0  0 -2  1  0  0  0  0  0  0  0  0  0  0  0]
[ 0  0  1 -2  0  0  0  0  0  0  0  0  0  0  0]
[ 0  0  0  0 -2  1  0  0  0  0  0  0  0  0  0]
[ 0  0  0  0  1 -2  0  0  0  0  0  0  0  0  0]
[ 0  0  0  0  0  0 -2  1  0  0  0  0  0  0  0]
[ 0  0  0  0  0  0  1 -2  0  0  0  0  0  0  0]
[ 0  0  0  0  0  0  0  0 -2  0  0  0  0  0  0]
[ 0  0  0  0  0  0  0  0  0 -2  0  0  0  0  0]
[ 0  0  0  0  0  0  0  0  0  0 -2  0  0  0  0]
[ 0  0  0  0  0  0  0  0  0  0  0 -2  0  0  0]
[ 0  0  0  0  0  0  0  0  0  0  0  0 -2  0  0]
[ 0  0  0  0  0  0  0  0  0  0  0  0  0 -2  0]
[ 0  0  0  0  0  0  0  0  0  0  0  0  0  0 -2]
Signature:  (0, 15)
Genus symbol at 2:    1^8 [2^7]_1
Genus symbol at 3:     1^11 3^4
Finite quadratic module over Integer Ring with invariants (2, 2, 2, 6, 6, 6, 6)
Gram matrix of the quadratic form with values in Q/2Z:
[3/2   0   0   0   0   0   0]
[  0 3/2   0   0   0   0   0]
[  0   0 3/2   0   0   0   0]
[  0   0   0 5/6   0   0   0]
[  0   0   0   0 5/6   0   0]
[  0   0   0   0   0 5/6   0]
[  0   0   0   0   0   0 5/6]
7
[True]
[[1, 2, 1], [0], [0], [0], [0], [0], [0], [0], [0], [0], [0], [0], [0]]
 1A3 + 12A1 +Genus of
[-4  1 -1 -2  0 -2  0 -1 -1  0  0 -1 -1 -1 -1]
[ 1 -2  1  0  0  0  0  0  0  0  0  0  0  0  0]
[-1  1 -2  0  0  0  0  0  0  0  0  0  0  0  0]
[-2  0  0 -4 -1 -2  0 -1 -1 -1 -1  0  0 -1 -1]
[ 0  0  0 -1 -2  0  0  0  0  0  0  0  0  0  0]
[-2  0  0 -2  0 -4 -1 -1 -1 -1 -1 -1 -1  0  0]
[ 0  0  0  0  0 -1 -2  0  0  0  0  0  0  0  0]
[-1  0  0 -1  0 -1  0 -2  0  0  0  0  0  0  0]
[-1  0  0 -1  0 -1  0  0 -2  0  0  0  0  0  0]
[ 0  0  0 -1  0 -1  0  0  0 -2  0  0  0  0  0]
[ 0  0  0 -1  0 -1  0  0  0  0 -2  0  0  0  0]
[-1  0  0  0  0 -1  0  0  0  0  0 -2  0  0  0]
[-1  0  0  0  0 -1  0  0  0  0  0  0 -2  0  0]
[-1  0  0 -1  0  0  0  0  0  0  0  0  0 -2  0]
[-1  0  0 -1  0  0  0  0  0  0  0  0  0  0 -2]
Signature:  (0, 15)
Genus symbol at 2:    1^8 [2^6 4^1]_1
Finite quadratic module over Integer Ring with invariants (2, 2, 2, 2, 2, 2, 4)
Gram matrix of the quadratic form with values in Q/2Z:
[  1   0   0 1/2 1/2 1/2   0]
[  0 1/2   0 1/2 1/2 1/2 1/2]
[  0   0 1/2 1/2 1/2 1/2 1/2]
[1/2 1/2 1/2 1/2   0 1/2 1/2]
[1/2 1/2 1/2   0 1/2 1/2 1/2]
[1/2 1/2 1/2 1/2 1/2 1/2   0]
[  0 1/2 1/2 1/2 1/2   0 1/4]
7
[True]
[[1, 2, 1], [1, 1], [0], [0], [0], [0], [0], [0], [0], [0], [0], [0]]
 1A3 + 1A2 + 10A1 +Genus of
[-4  1 -1  0  0 -1 -1 -2  0  0  0 -1 -1 -1 -1]
[ 1 -2  1  0  0  0  0  0  0  0  0  0  0  0  0]
[-1  1 -2  0  0  0  0  0  0  0  0  0  0  0  0]
[ 0  0  0 -2  1  0  0  0  0  0  0  0  0  0  0]
[ 0  0  0  1 -2  0  0  0  0  0  0  0  0  0  0]
[-1  0  0  0  0 -2  0  0  0  0  0  0  0  0  0]
[-1  0  0  0  0  0 -2  0  0  0  0  0  0  0  0]
[-2  0  0  0  0  0  0 -4 -1 -1 -1 -1 -1 -1 -1]
[ 0  0  0  0  0  0  0 -1 -2  0  0  0  0  0  0]
[ 0  0  0  0  0  0  0 -1  0 -2  0  0  0  0  0]
[ 0  0  0  0  0  0  0 -1  0  0 -2  0  0  0  0]
[-1  0  0  0  0  0  0 -1  0  0  0 -2  0  0  0]
[-1  0  0  0  0  0  0 -1  0  0  0  0 -2  0  0]
[-1  0  0  0  0  0  0 -1  0  0  0  0  0 -2  0]
[-1  0  0  0  0  0  0 -1  0  0  0  0  0  0 -2]
Signature:  (0, 15)
Genus symbol at 2:    1^-8 [2^6 4^1]_3
Genus symbol at 3:     1^-14 3^1
Finite quadratic module over Integer Ring with invariants (2, 2, 2, 2, 2, 2, 12)
Gram matrix of the quadratic form with values in Q/2Z:
[   1    0    0  1/2    0  1/2  1/2]
[   0    1  1/2  1/2    0  1/2    0]
[   0  1/2    1  1/2    0  1/2    0]
[ 1/2  1/2  1/2  1/2    0  1/2    0]
[   0    0    0    0    0  1/2  1/2]
[ 1/2  1/2  1/2  1/2  1/2  3/2    0]
[ 1/2    0    0    0  1/2    0 1/12]
7
[True]
[[1, 2, 1], [1, 1], [1, 1], [0], [0], [0], [0], [0], [0], [0], [0]]
 1A3 + 2A2 + 8A1 +Genus of
[-4  1 -1  0  0  0  0 -1 -1 -1 -1 -1 -1  0  0]
[ 1 -2  1  0  0  0  0  0  0  0  0  0  0  0  0]
[-1  1 -2  0  0  0  0  0  0  0  0  0  0  0  0]
[ 0  0  0 -2  1  0  0  0  0  0  0  0  0  0  0]
[ 0  0  0  1 -2  0  0  0  0  0  0  0  0  0  0]
[ 0  0  0  0  0 -2  1  0  0  0  0  0  0  0  0]
[ 0  0  0  0  0  1 -2  0  0  0  0  0  0  0  0]
[-1  0  0  0  0  0  0 -2  0  0  0  0  0  0  0]
[-1  0  0  0  0  0  0  0 -2  0  0  0  0  0  0]
[-1  0  0  0  0  0  0  0  0 -2  0  0  0  0  0]
[-1  0  0  0  0  0  0  0  0  0 -2  0  0  0  0]
[-1  0  0  0  0  0  0  0  0  0  0 -2  0  0  0]
[-1  0  0  0  0  0  0  0  0  0  0  0 -2  0  0]
[ 0  0  0  0  0  0  0  0  0  0  0  0  0 -2  0]
[ 0  0  0  0  0  0  0  0  0  0  0  0  0  0 -2]
Signature:  (0, 15)
Genus symbol at 2:    1^8 [2^6 4^1]_5
Genus symbol at 3:     1^-13 3^2
Finite quadratic module over Integer Ring with invariants (2, 2, 2, 2, 2, 6, 12)
Gram matrix of the quadratic form with values in Q/2Z:
[    1   1/2   1/2   1/2     0     0     0]
[  1/2     1   1/2   1/2     0     0     0]
[  1/2   1/2     1   1/2     0     0     0]
[  1/2   1/2   1/2     1     0     0     0]
[    0     0     0     0   1/2     0     0]
[    0     0     0     0     0   5/6     0]
[    0     0     0     0     0     0 19/12]
7
[True]
[[1, 2, 1], [1, 2, 1], [0], [0], [0], [0], [0], [0], [0], [0], [0]]
 2A3 + 9A1 +Genus of
[-4  1 -1 -1  1 -1 -2  0  0  0 -1 -1 -1 -1  0]
[ 1 -2  1  0  0  0  0  0  0  0  0  0  0  0  0]
[-1  1 -2  0  0  0  0  0  0  0  0  0  0  0  0]
[-1  0  0 -2  1  0  0  0  0  0  0  0  0  0  0]
[ 1  0  0  1 -2  1  0  0  0  0  0  0  0  0  0]
[-1  0  0  0  1 -2  0  0  0  0  0  0  0  0  0]
[-2  0  0  0  0  0 -4 -1 -1 -1 -1 -1 -1 -1  0]
[ 0  0  0  0  0  0 -1 -2  0  0  0  0  0  0  0]
[ 0  0  0  0  0  0 -1  0 -2  0  0  0  0  0  0]
[ 0  0  0  0  0  0 -1  0  0 -2  0  0  0  0  0]
[-1  0  0  0  0  0 -1  0  0  0 -2  0  0  0  0]
[-1  0  0  0  0  0 -1  0  0  0  0 -2  0  0  0]
[-1  0  0  0  0  0 -1  0  0  0  0  0 -2  0  0]
[-1  0  0  0  0  0 -1  0  0  0  0  0  0 -2  0]
[ 0  0  0  0  0  0  0  0  0  0  0  0  0  0 -2]
Signature:  (0, 15)
Genus symbol at 2:    1^8 [2^5 4^2]_1
Finite quadratic module over Integer Ring with invariants (2, 2, 2, 2, 2, 4, 4)
Gram matrix of the quadratic form with values in Q/2Z:
[  1 1/2   0   0   0 1/2 1/2]
[1/2   1   0   0   0 1/2 1/2]
[  0   0   1 1/2   0   0   0]
[  0   0 1/2   1   0   0 1/2]
[  0   0   0   0 1/2   0 1/2]
[1/2 1/2   0   0   0 5/4   0]
[1/2 1/2   0 1/2 1/2   0 1/4]
7
[True]
[[1, 2, 1], [1, 2, 1], [1, 1], [0], [0], [0], [0], [0], [0], [0]]
 2A3 + 1A2 + 7A1 +Genus of
[-4  1 -1 -1  1 -1  0  0 -1 -1 -1 -1  0  0  0]
[ 1 -2  1  0  0  0  0  0  0  0  0  0  0  0  0]
[-1  1 -2  0  0  0  0  0  0  0  0  0  0  0  0]
[-1  0  0 -2  1  0  0  0  0  0  0  0  0  0  0]
[ 1  0  0  1 -2  1  0  0  0  0  0  0  0  0  0]
[-1  0  0  0  1 -2  0  0  0  0  0  0  0  0  0]
[ 0  0  0  0  0  0 -2  1  0  0  0  0  0  0  0]
[ 0  0  0  0  0  0  1 -2  0  0  0  0  0  0  0]
[-1  0  0  0  0  0  0  0 -2  0  0  0  0  0  0]
[-1  0  0  0  0  0  0  0  0 -2  0  0  0  0  0]
[-1  0  0  0  0  0  0  0  0  0 -2  0  0  0  0]
[-1  0  0  0  0  0  0  0  0  0  0 -2  0  0  0]
[ 0  0  0  0  0  0  0  0  0  0  0  0 -2  0  0]
[ 0  0  0  0  0  0  0  0  0  0  0  0  0 -2  0]
[ 0  0  0  0  0  0  0  0  0  0  0  0  0  0 -2]
Signature:  (0, 15)
Genus symbol at 2:    1^-8 [2^5 4^2]_3
Genus symbol at 3:     1^14 3^1
Finite quadratic module over Integer Ring with invariants (2, 2, 2, 2, 2, 4, 12)
Gram matrix of the quadratic form with values in Q/2Z:
[    1   1/2     0     0     0     0     0]
[  1/2     1     0     0     0     0   1/2]
[    0     0   1/2     0     0     0     0]
[    0     0     0   1/2     0   1/2     0]
[    0     0     0     0   3/2     0     0]
[    0     0     0   1/2     0   7/4   1/2]
[    0   1/2     0     0     0   1/2 19/12]
7
[True]
[[1, 2, 1], [1, 2, 1], [1, 2, 1], [1, 2, 1], [0], [0], [0]]
 4A3 + 3A1 +Genus of
[-4  1 -1 -1  1 -1 -1  1 -1 -1  1 -1  0  0  0]
[ 1 -2  1  0  0  0  0  0  0  0  0  0  0  0  0]
[-1  1 -2  0  0  0  0  0  0  0  0  0  0  0  0]
[-1  0  0 -2  1  0  0  0  0  0  0  0  0  0  0]
[ 1  0  0  1 -2  1  0  0  0  0  0  0  0  0  0]
[-1  0  0  0  1 -2  0  0  0  0  0  0  0  0  0]
[-1  0  0  0  0  0 -2  1  0  0  0  0  0  0  0]
[ 1  0  0  0  0  0  1 -2  1  0  0  0  0  0  0]
[-1  0  0  0  0  0  0  1 -2  0  0  0  0  0  0]
[-1  0  0  0  0  0  0  0  0 -2  1  0  0  0  0]
[ 1  0  0  0  0  0  0  0  0  1 -2  1  0  0  0]
[-1  0  0  0  0  0  0  0  0  0  1 -2  0  0  0]
[ 0  0  0  0  0  0  0  0  0  0  0  0 -2  0  0]
[ 0  0  0  0  0  0  0  0  0  0  0  0  0 -2  0]
[ 0  0  0  0  0  0  0  0  0  0  0  0  0  0 -2]
Signature:  (0, 15)
Genus symbol at 2:    1^8 [2^5]_1 4^2
Finite quadratic module over Integer Ring with invariants (2, 2, 2, 2, 2, 4, 4)
Gram matrix of the quadratic form with values in Q/2Z:
[3/2   0   0   0   0 1/2   0]
[  0   1 1/2   0   0   0   0]
[  0 1/2   1   0   0   0   0]
[  0   0   0 3/2   0   0 1/2]
[  0   0   0   0 3/2   0   0]
[1/2   0   0   0   0 3/2 1/4]
[  0   0   0 1/2   0 1/4 1/2]
7
[True]
[[1, 2, 2, 1], [1, 1], [0], [0], [0], [0], [0], [0], [0], [0], [0]]
 1A4 + 1A2 + 9A1 +Genus of
[-2  1  0  0  0  0  0  0  0  0  0  0  0  0  0]
[ 1 -2  1  0  0  0  0  0  0  0  0  0  0  0  0]
[ 0  1 -2  1  0  0  0  0  0  0  0  0  0  0  0]
[ 0  0  1 -2  0  0  0  0  0  0  0  0  0  0  0]
[ 0  0  0  0 -2  1  0  0  0  0  0  0  0  0  0]
[ 0  0  0  0  1 -2  0  0  0  0  0  0  0  0  0]
[ 0  0  0  0  0  0 -4 -1 -1 -1 -1 -1 -1 -1  0]
[ 0  0  0  0  0  0 -1 -2  0  0  0  0  0  0  0]
[ 0  0  0  0  0  0 -1  0 -2  0  0  0  0  0  0]
[ 0  0  0  0  0  0 -1  0  0 -2  0  0  0  0  0]
[ 0  0  0  0  0  0 -1  0  0  0 -2  0  0  0  0]
[ 0  0  0  0  0  0 -1  0  0  0  0 -2  0  0  0]
[ 0  0  0  0  0  0 -1  0  0  0  0  0 -2  0  0]
[ 0  0  0  0  0  0 -1  0  0  0  0  0  0 -2  0]
[ 0  0  0  0  0  0  0  0  0  0  0  0  0  0 -2]
Signature:  (0, 15)
Genus symbol at 2:    1^8 [2^7]_7
Genus symbol at 3:     1^-14 3^1
Genus symbol at 5:     1^14 5^1
Finite quadratic module over Integer Ring with invariants (2, 2, 2, 2, 2, 2, 30)
Gram matrix of the quadratic form with values in Q/2Z:
[   1  1/2  1/2  1/2  1/2  1/2    0]
[ 1/2    1  1/2  1/2  1/2  1/2    0]
[ 1/2  1/2    1  1/2  1/2  1/2    0]
[ 1/2  1/2  1/2    1  1/2  1/2    0]
[ 1/2  1/2  1/2  1/2    1  1/2    0]
[ 1/2  1/2  1/2  1/2  1/2    1    0]
[   0    0    0    0    0    0 1/30]
7
[True]
[[1, 2, 2, 1], [1, 1], [1, 1], [0], [0], [0], [0], [0], [0], [0]]
 1A4 + 2A2 + 7A1 +Genus of
[-2  1  0  0  0  0  0  0  0  0  0  0  0  0  0]
[ 1 -2  1  0  0  0  0  0  0  0  0  0  0  0  0]
[ 0  1 -2  1  0  0  0  0  0  0  0  0  0  0  0]
[ 0  0  1 -2  0  0  0  0  0  0  0  0  0  0  0]
[ 0  0  0  0 -2  1  0  0  0  0  0  0  0  0  0]
[ 0  0  0  0  1 -2  0  0  0  0  0  0  0  0  0]
[ 0  0  0  0  0  0 -2  1  0  0  0  0  0  0  0]
[ 0  0  0  0  0  0  1 -2  0  0  0  0  0  0  0]
[ 0  0  0  0  0  0  0  0 -2  0  0  0  0  0  0]
[ 0  0  0  0  0  0  0  0  0 -2  0  0  0  0  0]
[ 0  0  0  0  0  0  0  0  0  0 -2  0  0  0  0]
[ 0  0  0  0  0  0  0  0  0  0  0 -2  0  0  0]
[ 0  0  0  0  0  0  0  0  0  0  0  0 -2  0  0]
[ 0  0  0  0  0  0  0  0  0  0  0  0  0 -2  0]
[ 0  0  0  0  0  0  0  0  0  0  0  0  0  0 -2]
Signature:  (0, 15)
Genus symbol at 2:    1^-8 [2^7]_1
Genus symbol at 3:     1^-13 3^2
Genus symbol at 5:     1^-14 5^1
Finite quadratic module over Integer Ring with invariants (2, 2, 2, 2, 2, 6, 30)
Gram matrix of the quadratic form with values in Q/2Z:
[ 3/2    0    0    0    0    0    0]
[   0  3/2    0    0    0    0    0]
[   0    0  3/2    0    0    0    0]
[   0    0    0  3/2    0    0    0]
[   0    0    0    0  3/2    0    0]
[   0    0    0    0    0  5/6    0]
[   0    0    0    0    0    0 1/30]
7
[True]
[[1, 2, 2, 1], [1, 2, 1], [0], [0], [0], [0], [0], [0], [0], [0]]
 1A4 + 1A3 + 8A1 +Genus of
[-2  1  0  0  0  0  0  0  0  0  0  0  0  0  0]
[ 1 -2  1  0  0  0  0  0  0  0  0  0  0  0  0]
[ 0  1 -2  1  0  0  0  0  0  0  0  0  0  0  0]
[ 0  0  1 -2  0  0  0  0  0  0  0  0  0  0  0]
[ 0  0  0  0 -4  1 -1 -1 -1 -1 -1 -1 -1  0  0]
[ 0  0  0  0  1 -2  1  0  0  0  0  0  0  0  0]
[ 0  0  0  0 -1  1 -2  0  0  0  0  0  0  0  0]
[ 0  0  0  0 -1  0  0 -2  0  0  0  0  0  0  0]
[ 0  0  0  0 -1  0  0  0 -2  0  0  0  0  0  0]
[ 0  0  0  0 -1  0  0  0  0 -2  0  0  0  0  0]
[ 0  0  0  0 -1  0  0  0  0  0 -2  0  0  0  0]
[ 0  0  0  0 -1  0  0  0  0  0  0 -2  0  0  0]
[ 0  0  0  0 -1  0  0  0  0  0  0  0 -2  0  0]
[ 0  0  0  0  0  0  0  0  0  0  0  0  0 -2  0]
[ 0  0  0  0  0  0  0  0  0  0  0  0  0  0 -2]
Signature:  (0, 15)
Genus symbol at 2:    1^-8 [2^6 4^1]_5
Genus symbol at 5:     1^14 5^1
Finite quadratic module over Integer Ring with invariants (2, 2, 2, 2, 2, 2, 20)
Gram matrix of the quadratic form with values in Q/2Z:
[    1   1/2   1/2   1/2     0     0     0]
[  1/2     1   1/2   1/2     0     0     0]
[  1/2   1/2     1   1/2     0     0     0]
[  1/2   1/2   1/2     1     0     0     0]
[    0     0     0     0   1/2     0   1/2]
[    0     0     0     0     0   3/2     0]
[    0     0     0     0   1/2     0 39/20]
7
[True]
[[1, 2, 2, 1], [1, 2, 2, 1], [0], [0], [0], [0], [0], [0], [0]]
 2A4 + 7A1 +Genus of
[-2  1  0  0  0  0  0  0  0  0  0  0  0  0  0]
[ 1 -2  1  0  0  0  0  0  0  0  0  0  0  0  0]
[ 0  1 -2  1  0  0  0  0  0  0  0  0  0  0  0]
[ 0  0  1 -2  0  0  0  0  0  0  0  0  0  0  0]
[ 0  0  0  0 -2  1  0  0  0  0  0  0  0  0  0]
[ 0  0  0  0  1 -2  1  0  0  0  0  0  0  0  0]
[ 0  0  0  0  0  1 -2  1  0  0  0  0  0  0  0]
[ 0  0  0  0  0  0  1 -2  0  0  0  0  0  0  0]
[ 0  0  0  0  0  0  0  0 -2  0  0  0  0  0  0]
[ 0  0  0  0  0  0  0  0  0 -2  0  0  0  0  0]
[ 0  0  0  0  0  0  0  0  0  0 -2  0  0  0  0]
[ 0  0  0  0  0  0  0  0  0  0  0 -2  0  0  0]
[ 0  0  0  0  0  0  0  0  0  0  0  0 -2  0  0]
[ 0  0  0  0  0  0  0  0  0  0  0  0  0 -2  0]
[ 0  0  0  0  0  0  0  0  0  0  0  0  0  0 -2]
Signature:  (0, 15)
Genus symbol at 2:    1^8 [2^7]_1
Genus symbol at 5:     1^-13 5^2
Finite quadratic module over Integer Ring with invariants (2, 2, 2, 2, 2, 10, 10)
Gram matrix of the quadratic form with values in Q/2Z:
[ 3/2    0    0    0    0    0    0]
[   0  3/2    0    0    0    0    0]
[   0    0  3/2    0    0    0    0]
[   0    0    0  3/2    0    0    0]
[   0    0    0    0  3/2    0    0]
[   0    0    0    0    0 3/10    0]
[   0    0    0    0    0    0 3/10]
7
[True]
[[1, 2, 2, 2, 1], [0], [0], [0], [0], [0], [0], [0], [0], [0], [0]]
 1A5 + 10A1 +Genus of
[-4  1 -1  1 -1 -1 -2  0  0  0 -1 -1 -1 -1  0]
[ 1 -2  1  0  0  0  0  0  0  0  0  0  0  0  0]
[-1  1 -2  1  0  0  0  0  0  0  0  0  0  0  0]
[ 1  0  1 -2  1  0  0  0  0  0  0  0  0  0  0]
[-1  0  0  1 -2  0  0  0  0  0  0  0  0  0  0]
[-1  0  0  0  0 -2  0  0  0  0  0  0  0  0  0]
[-2  0  0  0  0  0 -4 -1 -1 -1 -1 -1 -1 -1  0]
[ 0  0  0  0  0  0 -1 -2  0  0  0  0  0  0  0]
[ 0  0  0  0  0  0 -1  0 -2  0  0  0  0  0  0]
[ 0  0  0  0  0  0 -1  0  0 -2  0  0  0  0  0]
[-1  0  0  0  0  0 -1  0  0  0 -2  0  0  0  0]
[-1  0  0  0  0  0 -1  0  0  0  0 -2  0  0  0]
[-1  0  0  0  0  0 -1  0  0  0  0  0 -2  0  0]
[-1  0  0  0  0  0 -1  0  0  0  0  0  0 -2  0]
[ 0  0  0  0  0  0  0  0  0  0  0  0  0  0 -2]
Signature:  (0, 15)
Genus symbol at 2:    1^-8 [2^7]_7
Genus symbol at 3:     1^-14 3^-1
Finite quadratic module over Integer Ring with invariants (2, 2, 2, 2, 2, 2, 6)
Gram matrix of the quadratic form with values in Q/2Z:
[  1 1/2 1/2 1/2 1/2 1/2 1/2]
[1/2   1 1/2 1/2 1/2 1/2 1/2]
[1/2 1/2 1/2   0   0   0   0]
[1/2 1/2   0 1/2   0   0   0]
[1/2 1/2   0   0 1/2   0   0]
[1/2 1/2   0   0   0   0 1/2]
[1/2 1/2   0   0   0 1/2 7/6]
7
[True]
[[1, 2, 2, 2, 1], [1, 1], [0], [0], [0], [0], [0], [0], [0], [0]]
 1A5 + 1A2 + 8A1 +Genus of
[-4  1 -1  1 -1  0  0 -1 -1 -1 -1 -1  0  0  0]
[ 1 -2  1  0  0  0  0  0  0  0  0  0  0  0  0]
[-1  1 -2  1  0  0  0  0  0  0  0  0  0  0  0]
[ 1  0  1 -2  1  0  0  0  0  0  0  0  0  0  0]
[-1  0  0  1 -2  0  0  0  0  0  0  0  0  0  0]
[ 0  0  0  0  0 -2  1  0  0  0  0  0  0  0  0]
[ 0  0  0  0  0  1 -2  0  0  0  0  0  0  0  0]
[-1  0  0  0  0  0  0 -2  0  0  0  0  0  0  0]
[-1  0  0  0  0  0  0  0 -2  0  0  0  0  0  0]
[-1  0  0  0  0  0  0  0  0 -2  0  0  0  0  0]
[-1  0  0  0  0  0  0  0  0  0 -2  0  0  0  0]
[-1  0  0  0  0  0  0  0  0  0  0 -2  0  0  0]
[ 0  0  0  0  0  0  0  0  0  0  0  0 -2  0  0]
[ 0  0  0  0  0  0  0  0  0  0  0  0  0 -2  0]
[ 0  0  0  0  0  0  0  0  0  0  0  0  0  0 -2]
Signature:  (0, 15)
Genus symbol at 2:    1^8 [2^7]_1
Genus symbol at 3:     1^-13 3^-2
Finite quadratic module over Integer Ring with invariants (2, 2, 2, 2, 2, 6, 6)
Gram matrix of the quadratic form with values in Q/2Z:
[  1 1/2 1/2 1/2   0 1/2   0]
[1/2   1 1/2 1/2   0 1/2   0]
[1/2 1/2   1 1/2   0 1/2   0]
[1/2 1/2 1/2 1/2   0   0   0]
[  0   0   0   0 3/2   0   0]
[1/2 1/2 1/2   0   0 5/3   0]
[  0   0   0   0   0   0 5/6]
7
[True]
[[1, 2, 2, 2, 2, 1], [0], [0], [0], [0], [0], [0], [0], [0], [0]]
 1A6 + 9A1 +Genus of
[-2  1  0  0  0  0  0  0  0  0  0  0  0  0  0]
[ 1 -2  1  0  0  0  0  0  0  0  0  0  0  0  0]
[ 0  1 -2  1  0  0  0  0  0  0  0  0  0  0  0]
[ 0  0  1 -2  1  0  0  0  0  0  0  0  0  0  0]
[ 0  0  0  1 -2  1  0  0  0  0  0  0  0  0  0]
[ 0  0  0  0  1 -2  0  0  0  0  0  0  0  0  0]
[ 0  0  0  0  0  0 -4 -1 -1 -1 -1 -1 -1 -1  0]
[ 0  0  0  0  0  0 -1 -2  0  0  0  0  0  0  0]
[ 0  0  0  0  0  0 -1  0 -2  0  0  0  0  0  0]
[ 0  0  0  0  0  0 -1  0  0 -2  0  0  0  0  0]
[ 0  0  0  0  0  0 -1  0  0  0 -2  0  0  0  0]
[ 0  0  0  0  0  0 -1  0  0  0  0 -2  0  0  0]
[ 0  0  0  0  0  0 -1  0  0  0  0  0 -2  0  0]
[ 0  0  0  0  0  0 -1  0  0  0  0  0  0 -2  0]
[ 0  0  0  0  0  0  0  0  0  0  0  0  0  0 -2]
Signature:  (0, 15)
Genus symbol at 2:    1^8 [2^7]_7
Genus symbol at 7:     1^-14 7^1
Finite quadratic module over Integer Ring with invariants (2, 2, 2, 2, 2, 2, 14)
Gram matrix of the quadratic form with values in Q/2Z:
[    1   1/2   1/2   1/2   1/2   1/2     0]
[  1/2     1   1/2   1/2   1/2   1/2     0]
[  1/2   1/2     1   1/2   1/2   1/2     0]
[  1/2   1/2   1/2     1   1/2   1/2     0]
[  1/2   1/2   1/2   1/2     1   1/2     0]
[  1/2   1/2   1/2   1/2   1/2     1     0]
[    0     0     0     0     0     0 25/14]
7
[True]
[[1, 2, 2, 2, 2, 1], [1, 1], [0], [0], [0], [0], [0], [0], [0]]
 1A6 + 1A2 + 7A1 +Genus of
[-2  1  0  0  0  0  0  0  0  0  0  0  0  0  0]
[ 1 -2  1  0  0  0  0  0  0  0  0  0  0  0  0]
[ 0  1 -2  1  0  0  0  0  0  0  0  0  0  0  0]
[ 0  0  1 -2  1  0  0  0  0  0  0  0  0  0  0]
[ 0  0  0  1 -2  1  0  0  0  0  0  0  0  0  0]
[ 0  0  0  0  1 -2  0  0  0  0  0  0  0  0  0]
[ 0  0  0  0  0  0 -2  1  0  0  0  0  0  0  0]
[ 0  0  0  0  0  0  1 -2  0  0  0  0  0  0  0]
[ 0  0  0  0  0  0  0  0 -2  0  0  0  0  0  0]
[ 0  0  0  0  0  0  0  0  0 -2  0  0  0  0  0]
[ 0  0  0  0  0  0  0  0  0  0 -2  0  0  0  0]
[ 0  0  0  0  0  0  0  0  0  0  0 -2  0  0  0]
[ 0  0  0  0  0  0  0  0  0  0  0  0 -2  0  0]
[ 0  0  0  0  0  0  0  0  0  0  0  0  0 -2  0]
[ 0  0  0  0  0  0  0  0  0  0  0  0  0  0 -2]
Signature:  (0, 15)
Genus symbol at 2:    1^-8 [2^7]_1
Genus symbol at 3:     1^14 3^1
Genus symbol at 7:     1^14 7^1
Finite quadratic module over Integer Ring with invariants (2, 2, 2, 2, 2, 2, 42)
Gram matrix of the quadratic form with values in Q/2Z:
[  3/2     0     0     0     0     0     0]
[    0   3/2     0     0     0     0     0]
[    0     0   3/2     0     0     0     0]
[    0     0     0   3/2     0     0     0]
[    0     0     0     0   3/2     0     0]
[    0     0     0     0     0   3/2     0]
[    0     0     0     0     0     0 83/42]
7
[True]
[[1, 2, 2, 2, 2, 2, 2, 1], [0], [0], [0], [0], [0], [0], [0]]
 1A8 + 7A1 +Genus of
[-2  1  0  0  0  0  0  0  0  0  0  0  0  0  0]
[ 1 -2  1  0  0  0  0  0  0  0  0  0  0  0  0]
[ 0  1 -2  1  0  0  0  0  0  0  0  0  0  0  0]
[ 0  0  1 -2  1  0  0  0  0  0  0  0  0  0  0]
[ 0  0  0  1 -2  1  0  0  0  0  0  0  0  0  0]
[ 0  0  0  0  1 -2  1  0  0  0  0  0  0  0  0]
[ 0  0  0  0  0  1 -2  1  0  0  0  0  0  0  0]
[ 0  0  0  0  0  0  1 -2  0  0  0  0  0  0  0]
[ 0  0  0  0  0  0  0  0 -2  0  0  0  0  0  0]
[ 0  0  0  0  0  0  0  0  0 -2  0  0  0  0  0]
[ 0  0  0  0  0  0  0  0  0  0 -2  0  0  0  0]
[ 0  0  0  0  0  0  0  0  0  0  0 -2  0  0  0]
[ 0  0  0  0  0  0  0  0  0  0  0  0 -2  0  0]
[ 0  0  0  0  0  0  0  0  0  0  0  0  0 -2  0]
[ 0  0  0  0  0  0  0  0  0  0  0  0  0  0 -2]
Signature:  (0, 15)
Genus symbol at 2:    1^8 [2^7]_1
Genus symbol at 3:     1^14 9^1
Finite quadratic module over Integer Ring with invariants (2, 2, 2, 2, 2, 2, 18)
Gram matrix of the quadratic form with values in Q/2Z:
[  3/2     0     0     0     0     0     0]
[    0   3/2     0     0     0     0     0]
[    0     0   3/2     0     0     0     0]
[    0     0     0   3/2     0     0     0]
[    0     0     0     0   3/2     0     0]
[    0     0     0     0     0   3/2     0]
[    0     0     0     0     0     0 23/18]
7
[True]
[[1, 1, 3, 1], [1, 1, 3, 1], [1, 1, 3, 1], [1, 1], [0]]
 3D4 + 1A2 + 1A1 +Genus of
[-2  0  1  0  0  0  0  0  0  0  0  0  0  0  0]
[ 0 -2  1  0  0  0  0  0  0  0  0  0  0  0  0]
[ 1  1 -2  1  0  0  0  0  0  0  0  0  0  0  0]
[ 0  0  1 -2  0  0  0  0  0  0  0  0  0  0  0]
[ 0  0  0  0 -2  0  1  0  0  0  0  0  0  0  0]
[ 0  0  0  0  0 -2  1  0  0  0  0  0  0  0  0]
[ 0  0  0  0  1  1 -2  1  0  0  0  0  0  0  0]
[ 0  0  0  0  0  0  1 -2  0  0  0  0  0  0  0]
[ 0  0  0  0  0  0  0  0 -2  0  1  0  0  0  0]
[ 0  0  0  0  0  0  0  0  0 -2  1  0  0  0  0]
[ 0  0  0  0  0  0  0  0  1  1 -2  1  0  0  0]
[ 0  0  0  0  0  0  0  0  0  0  1 -2  0  0  0]
[ 0  0  0  0  0  0  0  0  0  0  0  0 -2  1  0]
[ 0  0  0  0  0  0  0  0  0  0  0  0  1 -2  0]
[ 0  0  0  0  0  0  0  0  0  0  0  0  0  0 -2]
Signature:  (0, 15)
Genus symbol at 2:    1^-8 [2^7]_3
Genus symbol at 3:     1^14 3^1
Finite quadratic module over Integer Ring with invariants (2, 2, 2, 2, 2, 2, 6)
Gram matrix of the quadratic form with values in Q/2Z:
[  0 1/2 1/2   0   0   0   0]
[1/2   1   0 1/2   0   0   0]
[1/2   0   1   0   0   0   0]
[  0 1/2   0   1   0   0   0]
[  0   0   0   0   1 1/2 1/2]
[  0   0   0   0 1/2 1/2   0]
[  0   0   0   0 1/2   0 1/3]
7
[True]
[[1, 1, 3, 2, 1], [1, 1, 3, 1], [0], [0], [0], [0], [0], [0]]
 1D5 + 1D4 + 6A1 +Genus of
[-4 -1  1  0  0 -1 -1  1  0 -1 -1 -1 -1  0  0]
[-1 -2  1  0  0  0  0  0  0  0  0  0  0  0  0]
[ 1  1 -2  1  0  0  0  0  0  0  0  0  0  0  0]
[ 0  0  1 -2  1  0  0  0  0  0  0  0  0  0  0]
[ 0  0  0  1 -2  0  0  0  0  0  0  0  0  0  0]
[-1  0  0  0  0 -2  0  1  0  0  0  0  0  0  0]
[-1  0  0  0  0  0 -2  1  0  0  0  0  0  0  0]
[ 1  0  0  0  0  1  1 -2  1  0  0  0  0  0  0]
[ 0  0  0  0  0  0  0  1 -2  0  0  0  0  0  0]
[-1  0  0  0  0  0  0  0  0 -2  0  0  0  0  0]
[-1  0  0  0  0  0  0  0  0  0 -2  0  0  0  0]
[-1  0  0  0  0  0  0  0  0  0  0 -2  0  0  0]
[-1  0  0  0  0  0  0  0  0  0  0  0 -2  0  0]
[ 0  0  0  0  0  0  0  0  0  0  0  0  0 -2  0]
[ 0  0  0  0  0  0  0  0  0  0  0  0  0  0 -2]
Signature:  (0, 15)
Genus symbol at 2:    1^8 [2^6 4^1]_1
Finite quadratic module over Integer Ring with invariants (2, 2, 2, 2, 2, 2, 4)
Gram matrix of the quadratic form with values in Q/2Z:
[1/2   0   0   0   0   0 1/2]
[  0 1/2   0   0   0   0   0]
[  0   0 1/2   0   0   0   0]
[  0   0   0 1/2   0   0   0]
[  0   0   0   0 1/2   0 1/2]
[  0   0   0   0   0 3/2   0]
[1/2   0   0   0 1/2   0 1/4]
7
[True]
[[1, 1, 3, 1], [1, 1, 3, 1], [0], [0], [0], [0], [0], [0], [0]]
 2D4 + 7A1 +Genus of
[-4 -2  1 -1 -1  0  1 -1  0  0 -1 -1 -1 -1  0]
[-2 -4  1 -1  0 -1  1 -1 -1 -1  0  0 -1 -1  0]
[ 1  1 -2  1  0  0  0  0  0  0  0  0  0  0  0]
[-1 -1  1 -2  0  0  0  0  0  0  0  0  0  0  0]
[-1  0  0  0 -2  0  1  0  0  0  0  0  0  0  0]
[ 0 -1  0  0  0 -2  1  0  0  0  0  0  0  0  0]
[ 1  1  0  0  1  1 -2  1  0  0  0  0  0  0  0]
[-1 -1  0  0  0  0  1 -2  0  0  0  0  0  0  0]
[ 0 -1  0  0  0  0  0  0 -2  0  0  0  0  0  0]
[ 0 -1  0  0  0  0  0  0  0 -2  0  0  0  0  0]
[-1  0  0  0  0  0  0  0  0  0 -2  0  0  0  0]
[-1  0  0  0  0  0  0  0  0  0  0 -2  0  0  0]
[-1 -1  0  0  0  0  0  0  0  0  0  0 -2  0  0]
[-1 -1  0  0  0  0  0  0  0  0  0  0  0 -2  0]
[ 0  0  0  0  0  0  0  0  0  0  0  0  0  0 -2]
Signature:  (0, 15)
Genus symbol at 2:    1^8 [2^7]_1
Finite quadratic module over Integer Ring with invariants (2, 2, 2, 2, 2, 2, 2)
Gram matrix of the quadratic form with values in Q/2Z:
[1/2   0 1/2 1/2 1/2 1/2   0]
[  0 1/2 1/2 1/2 1/2 1/2   0]
[1/2 1/2 1/2   0 1/2 1/2   0]
[1/2 1/2   0 1/2 1/2 1/2   0]
[1/2 1/2 1/2 1/2 1/2   0   0]
[1/2 1/2 1/2 1/2   0 1/2   0]
[  0   0   0   0   0   0 3/2]
7
[True]
[[1, 1, 3, 1], [1, 1, 3, 1], [1, 1], [0], [0], [0], [0], [0]]
 2D4 + 1A2 + 5A1 +Genus of
[-4 -1  1  0 -1 -1  1  0  0  0 -1 -1 -1 -1  0]
[-1 -2  1  0  0  0  0  0  0  0  0  0  0  0  0]
[ 1  1 -2  1  0  0  0  0  0  0  0  0  0  0  0]
[ 0  0  1 -2  0  0  0  0  0  0  0  0  0  0  0]
[-1  0  0  0 -2  0  1  0  0  0  0  0  0  0  0]
[-1  0  0  0  0 -2  1  0  0  0  0  0  0  0  0]
[ 1  0  0  0  1  1 -2  1  0  0  0  0  0  0  0]
[ 0  0  0  0  0  0  1 -2  0  0  0  0  0  0  0]
[ 0  0  0  0  0  0  0  0 -2  1  0  0  0  0  0]
[ 0  0  0  0  0  0  0  0  1 -2  0  0  0  0  0]
[-1  0  0  0  0  0  0  0  0  0 -2  0  0  0  0]
[-1  0  0  0  0  0  0  0  0  0  0 -2  0  0  0]
[-1  0  0  0  0  0  0  0  0  0  0  0 -2  0  0]
[-1  0  0  0  0  0  0  0  0  0  0  0  0 -2  0]
[ 0  0  0  0  0  0  0  0  0  0  0  0  0  0 -2]
Signature:  (0, 15)
Genus symbol at 2:    1^-8 [2^7]_3
Genus symbol at 3:     1^14 3^1
Finite quadratic module over Integer Ring with invariants (2, 2, 2, 2, 2, 2, 6)
Gram matrix of the quadratic form with values in Q/2Z:
[  0 1/2   0   0   0   0 1/2]
[1/2 3/2   0   0   0   0   0]
[  0   0 1/2   0   0   0   0]
[  0   0   0 1/2   0   0   0]
[  0   0   0   0 1/2   0   0]
[  0   0   0   0   0 1/2   0]
[1/2   0   0   0   0   0 4/3]
7
[True]
[[1, 1, 3, 1], [1, 1, 3, 1], [1, 1], [1, 1], [0], [0], [0]]
 2D4 + 2A2 + 3A1 +Genus of
[-2  0  1  0  0  0  0  0  0  0  0  0  0  0  0]
[ 0 -2  1  0  0  0  0  0  0  0  0  0  0  0  0]
[ 1  1 -2  1  0  0  0  0  0  0  0  0  0  0  0]
[ 0  0  1 -2  0  0  0  0  0  0  0  0  0  0  0]
[ 0  0  0  0 -2  0  1  0  0  0  0  0  0  0  0]
[ 0  0  0  0  0 -2  1  0  0  0  0  0  0  0  0]
[ 0  0  0  0  1  1 -2  1  0  0  0  0  0  0  0]
[ 0  0  0  0  0  0  1 -2  0  0  0  0  0  0  0]
[ 0  0  0  0  0  0  0  0 -2  1  0  0  0  0  0]
[ 0  0  0  0  0  0  0  0  1 -2  0  0  0  0  0]
[ 0  0  0  0  0  0  0  0  0  0 -2  1  0  0  0]
[ 0  0  0  0  0  0  0  0  0  0  1 -2  0  0  0]
[ 0  0  0  0  0  0  0  0  0  0  0  0 -2  0  0]
[ 0  0  0  0  0  0  0  0  0  0  0  0  0 -2  0]
[ 0  0  0  0  0  0  0  0  0  0  0  0  0  0 -2]
Signature:  (0, 15)
Genus symbol at 2:    1^8 [2^7]_5
Genus symbol at 3:     1^13 3^2
Finite quadratic module over Integer Ring with invariants (2, 2, 2, 2, 2, 6, 6)
Gram matrix of the quadratic form with values in Q/2Z:
[  1 1/2   0   0   0   0 1/2]
[1/2 1/2   0   0   0   0   0]
[  0   0   1 1/2   0 1/2   0]
[  0   0 1/2 1/2   0   0   0]
[  0   0   0   0 3/2   0   0]
[  0   0 1/2   0   0 1/3   0]
[1/2   0   0   0   0   0 1/3]
7
[True]
[[1, 1, 3, 1], [1, 1, 3, 1], [1, 2, 2, 1], [0], [0], [0]]
 2D4 + 1A4 + 3A1 +Genus of
[-2  0  1  0  0  0  0  0  0  0  0  0  0  0  0]
[ 0 -2  1  0  0  0  0  0  0  0  0  0  0  0  0]
[ 1  1 -2  1  0  0  0  0  0  0  0  0  0  0  0]
[ 0  0  1 -2  0  0  0  0  0  0  0  0  0  0  0]
[ 0  0  0  0 -2  0  1  0  0  0  0  0  0  0  0]
[ 0  0  0  0  0 -2  1  0  0  0  0  0  0  0  0]
[ 0  0  0  0  1  1 -2  1  0  0  0  0  0  0  0]
[ 0  0  0  0  0  0  1 -2  0  0  0  0  0  0  0]
[ 0  0  0  0  0  0  0  0 -2  1  0  0  0  0  0]
[ 0  0  0  0  0  0  0  0  1 -2  1  0  0  0  0]
[ 0  0  0  0  0  0  0  0  0  1 -2  1  0  0  0]
[ 0  0  0  0  0  0  0  0  0  0  1 -2  0  0  0]
[ 0  0  0  0  0  0  0  0  0  0  0  0 -2  0  0]
[ 0  0  0  0  0  0  0  0  0  0  0  0  0 -2  0]
[ 0  0  0  0  0  0  0  0  0  0  0  0  0  0 -2]
Signature:  (0, 15)
Genus symbol at 2:    1^-8 [2^7]_5
Genus symbol at 5:     1^-14 5^1
Finite quadratic module over Integer Ring with invariants (2, 2, 2, 2, 2, 2, 10)
Gram matrix of the quadratic form with values in Q/2Z:
[  1 1/2   0   0   0   0   0]
[1/2   1   0 1/2   0   0 1/2]
[  0   0   1 1/2   0   0 1/2]
[  0 1/2 1/2 3/2   0   0   0]
[  0   0   0   0 3/2   0   0]
[  0   0   0   0   0 3/2   0]
[  0 1/2 1/2   0   0   0 4/5]
7
[True]
[[1, 1, 3, 2, 2, 2, 1], [0], [0], [0], [0], [0], [0], [0], [0]]
 1D7 + 8A1 +Genus of
[-4 -1  1  0  0  0  0 -1 -1 -1 -1 -1 -1  0  0]
[-1 -2  1  0  0  0  0  0  0  0  0  0  0  0  0]
[ 1  1 -2  1  0  0  0  0  0  0  0  0  0  0  0]
[ 0  0  1 -2  1  0  0  0  0  0  0  0  0  0  0]
[ 0  0  0  1 -2  1  0  0  0  0  0  0  0  0  0]
[ 0  0  0  0  1 -2  1  0  0  0  0  0  0  0  0]
[ 0  0  0  0  0  1 -2  0  0  0  0  0  0  0  0]
[-1  0  0  0  0  0  0 -2  0  0  0  0  0  0  0]
[-1  0  0  0  0  0  0  0 -2  0  0  0  0  0  0]
[-1  0  0  0  0  0  0  0  0 -2  0  0  0  0  0]
[-1  0  0  0  0  0  0  0  0  0 -2  0  0  0  0]
[-1  0  0  0  0  0  0  0  0  0  0 -2  0  0  0]
[-1  0  0  0  0  0  0  0  0  0  0  0 -2  0  0]
[ 0  0  0  0  0  0  0  0  0  0  0  0  0 -2  0]
[ 0  0  0  0  0  0  0  0  0  0  0  0  0  0 -2]
Signature:  (0, 15)
Genus symbol at 2:    1^8 [2^6 4^1]_1
Finite quadratic module over Integer Ring with invariants (2, 2, 2, 2, 2, 2, 4)
Gram matrix of the quadratic form with values in Q/2Z:
[  1 1/2 1/2 1/2   0   0   0]
[1/2   1 1/2 1/2   0   0   0]
[1/2 1/2   1 1/2   0   0   0]
[1/2 1/2 1/2   1   0   0   0]
[  0   0   0   0 1/2   0 1/2]
[  0   0   0   0   0 3/2   0]
[  0   0   0   0 1/2   0 7/4]
7
[True]
[[1, 1, 3, 2, 2, 1], [0], [0], [0], [0], [0], [0], [0], [0], [0]]
 1D6 + 9A1 +Genus of
[-4 -2  1 -1  1 -1 -1 -1 -1 -1 -1  0  0  0  0]
[-2 -4  1 -1  1 -1 -1 -1  0  0  0 -1 -1 -1  0]
[ 1  1 -2  1  0  0  0  0  0  0  0  0  0  0  0]
[-1 -1  1 -2  1  0  0  0  0  0  0  0  0  0  0]
[ 1  1  0  1 -2  1  0  0  0  0  0  0  0  0  0]
[-1 -1  0  0  1 -2  0  0  0  0  0  0  0  0  0]
[-1 -1  0  0  0  0 -2  0  0  0  0  0  0  0  0]
[-1 -1  0  0  0  0  0 -2  0  0  0  0  0  0  0]
[-1  0  0  0  0  0  0  0 -2  0  0  0  0  0  0]
[-1  0  0  0  0  0  0  0  0 -2  0  0  0  0  0]
[-1  0  0  0  0  0  0  0  0  0 -2  0  0  0  0]
[ 0 -1  0  0  0  0  0  0  0  0  0 -2  0  0  0]
[ 0 -1  0  0  0  0  0  0  0  0  0  0 -2  0  0]
[ 0 -1  0  0  0  0  0  0  0  0  0  0  0 -2  0]
[ 0  0  0  0  0  0  0  0  0  0  0  0  0  0 -2]
Signature:  (0, 15)
Genus symbol at 2:    1^8 [2^7]_1
Finite quadratic module over Integer Ring with invariants (2, 2, 2, 2, 2, 2, 2)
Gram matrix of the quadratic form with values in Q/2Z:
[1/2 1/2 1/2 1/2 1/2   0   0]
[1/2   1 1/2 1/2 1/2 1/2   0]
[1/2 1/2   1 1/2 1/2 1/2   0]
[1/2 1/2 1/2 1/2   0   0   0]
[1/2 1/2 1/2   0 1/2   0   0]
[  0 1/2 1/2   0   0 1/2   0]
[  0   0   0   0   0   0 3/2]
7
[True]
[[1, 1, 3, 2, 2, 1], [1, 1], [0], [0], [0], [0], [0], [0], [0]]
 1D6 + 1A2 + 7A1 +Genus of
[-4  0  1 -1  1 -1  0  0 -1 -1 -1 -1 -1  0  0]
[ 0 -2  1  0  0  0  0  0  0  0  0  0  0  0  0]
[ 1  1 -2  1  0  0  0  0  0  0  0  0  0  0  0]
[-1  0  1 -2  1  0  0  0  0  0  0  0  0  0  0]
[ 1  0  0  1 -2  1  0  0  0  0  0  0  0  0  0]
[-1  0  0  0  1 -2  0  0  0  0  0  0  0  0  0]
[ 0  0  0  0  0  0 -2  1  0  0  0  0  0  0  0]
[ 0  0  0  0  0  0  1 -2  0  0  0  0  0  0  0]
[-1  0  0  0  0  0  0  0 -2  0  0  0  0  0  0]
[-1  0  0  0  0  0  0  0  0 -2  0  0  0  0  0]
[-1  0  0  0  0  0  0  0  0  0 -2  0  0  0  0]
[-1  0  0  0  0  0  0  0  0  0  0 -2  0  0  0]
[-1  0  0  0  0  0  0  0  0  0  0  0 -2  0  0]
[ 0  0  0  0  0  0  0  0  0  0  0  0  0 -2  0]
[ 0  0  0  0  0  0  0  0  0  0  0  0  0  0 -2]
Signature:  (0, 15)
Genus symbol at 2:    1^-8 [2^7]_3
Genus symbol at 3:     1^14 3^1
Finite quadratic module over Integer Ring with invariants (2, 2, 2, 2, 2, 2, 6)
Gram matrix of the quadratic form with values in Q/2Z:
[3/2 1/2 1/2 1/2   0   0   0]
[1/2   1 1/2 1/2 1/2   0   0]
[1/2 1/2   1 1/2 1/2   0   0]
[1/2 1/2 1/2   1 1/2   0   0]
[  0 1/2 1/2 1/2   1   0   0]
[  0   0   0   0   0 3/2   0]
[  0   0   0   0   0   0 5/6]
7
[True]
[[1, 1, 3, 2, 1], [0], [0], [0], [0], [0], [0], [0], [0], [0], [0]]
 1D5 + 10A1 +Genus of
[-4 -1  1  0  0 -1 -1 -2  0  0  0 -1 -1 -1 -1]
[-1 -2  1  0  0  0  0  0  0  0  0  0  0  0  0]
[ 1  1 -2  1  0  0  0  0  0  0  0  0  0  0  0]
[ 0  0  1 -2  1  0  0  0  0  0  0  0  0  0  0]
[ 0  0  0  1 -2  0  0  0  0  0  0  0  0  0  0]
[-1  0  0  0  0 -2  0  0  0  0  0  0  0  0  0]
[-1  0  0  0  0  0 -2  0  0  0  0  0  0  0  0]
[-2  0  0  0  0  0  0 -4 -1 -1 -1 -1 -1 -1 -1]
[ 0  0  0  0  0  0  0 -1 -2  0  0  0  0  0  0]
[ 0  0  0  0  0  0  0 -1  0 -2  0  0  0  0  0]
[ 0  0  0  0  0  0  0 -1  0  0 -2  0  0  0  0]
[-1  0  0  0  0  0  0 -1  0  0  0 -2  0  0  0]
[-1  0  0  0  0  0  0 -1  0  0  0  0 -2  0  0]
[-1  0  0  0  0  0  0 -1  0  0  0  0  0 -2  0]
[-1  0  0  0  0  0  0 -1  0  0  0  0  0  0 -2]
Signature:  (0, 15)
Genus symbol at 2:    1^8 [2^6 4^1]_1
Finite quadratic module over Integer Ring with invariants (2, 2, 2, 2, 2, 2, 4)
Gram matrix of the quadratic form with values in Q/2Z:
[1/2 1/2 1/2   0   0   0   0]
[1/2   1 1/2 1/2 1/2 1/2 1/2]
[1/2 1/2   1 1/2 1/2 1/2 1/2]
[  0 1/2 1/2 1/2   0   0 1/2]
[  0 1/2 1/2   0 1/2   0 1/2]
[  0 1/2 1/2   0   0 1/2 1/2]
[  0 1/2 1/2 1/2 1/2 1/2 7/4]
7
[True]
[[1, 1, 3, 2, 1], [1, 1], [0], [0], [0], [0], [0], [0], [0], [0]]
 1D5 + 1A2 + 8A1 +Genus of
[-4 -1  1  0  0  0  0 -1 -1 -1 -1 -1 -1  0  0]
[-1 -2  1  0  0  0  0  0  0  0  0  0  0  0  0]
[ 1  1 -2  1  0  0  0  0  0  0  0  0  0  0  0]
[ 0  0  1 -2  1  0  0  0  0  0  0  0  0  0  0]
[ 0  0  0  1 -2  0  0  0  0  0  0  0  0  0  0]
[ 0  0  0  0  0 -2  1  0  0  0  0  0  0  0  0]
[ 0  0  0  0  0  1 -2  0  0  0  0  0  0  0  0]
[-1  0  0  0  0  0  0 -2  0  0  0  0  0  0  0]
[-1  0  0  0  0  0  0  0 -2  0  0  0  0  0  0]
[-1  0  0  0  0  0  0  0  0 -2  0  0  0  0  0]
[-1  0  0  0  0  0  0  0  0  0 -2  0  0  0  0]
[-1  0  0  0  0  0  0  0  0  0  0 -2  0  0  0]
[-1  0  0  0  0  0  0  0  0  0  0  0 -2  0  0]
[ 0  0  0  0  0  0  0  0  0  0  0  0  0 -2  0]
[ 0  0  0  0  0  0  0  0  0  0  0  0  0  0 -2]
Signature:  (0, 15)
Genus symbol at 2:    1^-8 [2^6 4^1]_3
Genus symbol at 3:     1^-14 3^1
Finite quadratic module over Integer Ring with invariants (2, 2, 2, 2, 2, 2, 12)
Gram matrix of the quadratic form with values in Q/2Z:
[    1   1/2   1/2   1/2     0     0     0]
[  1/2     1   1/2   1/2     0     0     0]
[  1/2   1/2     1   1/2     0     0     0]
[  1/2   1/2   1/2     1     0     0     0]
[    0     0     0     0   1/2     0     0]
[    0     0     0     0     0   3/2     0]
[    0     0     0     0     0     0 13/12]
7
[True]
[[1, 1, 3, 2, 1], [1, 2, 1], [0], [0], [0], [0], [0], [0], [0]]
 1D5 + 1A3 + 7A1 +Genus of
[-4 -1  1  0  0 -1  1 -1 -1 -1 -1 -1  0  0  0]
[-1 -2  1  0  0  0  0  0  0  0  0  0  0  0  0]
[ 1  1 -2  1  0  0  0  0  0  0  0  0  0  0  0]
[ 0  0  1 -2  1  0  0  0  0  0  0  0  0  0  0]
[ 0  0  0  1 -2  0  0  0  0  0  0  0  0  0  0]
[-1  0  0  0  0 -2  1  0  0  0  0  0  0  0  0]
[ 1  0  0  0  0  1 -2  1  0  0  0  0  0  0  0]
[-1  0  0  0  0  0  1 -2  0  0  0  0  0  0  0]
[-1  0  0  0  0  0  0  0 -2  0  0  0  0  0  0]
[-1  0  0  0  0  0  0  0  0 -2  0  0  0  0  0]
[-1  0  0  0  0  0  0  0  0  0 -2  0  0  0  0]
[-1  0  0  0  0  0  0  0  0  0  0 -2  0  0  0]
[ 0  0  0  0  0  0  0  0  0  0  0  0 -2  0  0]
[ 0  0  0  0  0  0  0  0  0  0  0  0  0 -2  0]
[ 0  0  0  0  0  0  0  0  0  0  0  0  0  0 -2]
Signature:  (0, 15)
Genus symbol at 2:    1^8 [2^5 4^2]_1
Finite quadratic module over Integer Ring with invariants (2, 2, 2, 2, 2, 4, 4)
Gram matrix of the quadratic form with values in Q/2Z:
[  1 1/2   0   0   0   0   0]
[1/2   1   0   0   0   0 1/2]
[  0   0 1/2   0   0   0 1/2]
[  0   0   0 1/2   0 1/2   0]
[  0   0   0   0 3/2   0   0]
[  0   0   0 1/2   0 5/4 1/2]
[  0 1/2 1/2   0   0 1/2 3/4]
7
[True]
[[1, 1, 3, 1], [0], [0], [0], [0], [0], [0], [0], [0], [0], [0], [0]]
 1D4 + 11A1 +Genus of
[-4 -2  1 -1  0 -2  0 -1 -1 -1 -1 -1 -1  0  0]
[-2 -4  1 -1 -1 -2  0  0 -1 -1  0  0 -1 -1 -1]
[ 1  1 -2  1  0  0  0  0  0  0  0  0  0  0  0]
[-1 -1  1 -2  0  0  0  0  0  0  0  0  0  0  0]
[ 0 -1  0  0 -2  0  0  0  0  0  0  0  0  0  0]
[-2 -2  0  0  0 -4 -1  0 -1 -1 -1 -1  0 -1 -1]
[ 0  0  0  0  0 -1 -2  0  0  0  0  0  0  0  0]
[-1  0  0  0  0  0  0 -2  0  0  0  0  0  0  0]
[-1 -1  0  0  0 -1  0  0 -2  0  0  0  0  0  0]
[-1 -1  0  0  0 -1  0  0  0 -2  0  0  0  0  0]
[-1  0  0  0  0 -1  0  0  0  0 -2  0  0  0  0]
[-1  0  0  0  0 -1  0  0  0  0  0 -2  0  0  0]
[-1 -1  0  0  0  0  0  0  0  0  0  0 -2  0  0]
[ 0 -1  0  0  0 -1  0  0  0  0  0  0  0 -2  0]
[ 0 -1  0  0  0 -1  0  0  0  0  0  0  0  0 -2]
Signature:  (0, 15)
Genus symbol at 2:    1^8 [2^7]_1
Finite quadratic module over Integer Ring with invariants (2, 2, 2, 2, 2, 2, 2)
Gram matrix of the quadratic form with values in Q/2Z:
[  0 1/2   0   0   0   0   0]
[1/2   0   0   0   0   0   0]
[  0   0 1/2   0 1/2 1/2 1/2]
[  0   0   0 1/2 1/2 1/2 1/2]
[  0   0 1/2 1/2 1/2 1/2 1/2]
[  0   0 1/2 1/2 1/2 1/2   0]
[  0   0 1/2 1/2 1/2   0 1/2]
7
[True]
[[1, 1, 3, 1], [1, 1], [0], [0], [0], [0], [0], [0], [0], [0], [0]]
 1D4 + 1A2 + 9A1 +Genus of
[-4 -2  1 -1  0  0  0  0  0 -1 -1 -1 -1 -1 -1]
[-2 -4  1 -1  0  0 -1 -1 -1  0  0  0 -1 -1 -1]
[ 1  1 -2  1  0  0  0  0  0  0  0  0  0  0  0]
[-1 -1  1 -2  0  0  0  0  0  0  0  0  0  0  0]
[ 0  0  0  0 -2  1  0  0  0  0  0  0  0  0  0]
[ 0  0  0  0  1 -2  0  0  0  0  0  0  0  0  0]
[ 0 -1  0  0  0  0 -2  0  0  0  0  0  0  0  0]
[ 0 -1  0  0  0  0  0 -2  0  0  0  0  0  0  0]
[ 0 -1  0  0  0  0  0  0 -2  0  0  0  0  0  0]
[-1  0  0  0  0  0  0  0  0 -2  0  0  0  0  0]
[-1  0  0  0  0  0  0  0  0  0 -2  0  0  0  0]
[-1  0  0  0  0  0  0  0  0  0  0 -2  0  0  0]
[-1 -1  0  0  0  0  0  0  0  0  0  0 -2  0  0]
[-1 -1  0  0  0  0  0  0  0  0  0  0  0 -2  0]
[-1 -1  0  0  0  0  0  0  0  0  0  0  0  0 -2]
Signature:  (0, 15)
Genus symbol at 2:    1^-8 [2^7]_3
Genus symbol at 3:     1^14 3^1
Finite quadratic module over Integer Ring with invariants (2, 2, 2, 2, 2, 2, 6)
Gram matrix of the quadratic form with values in Q/2Z:
[  1   0   0   0 1/2 1/2 1/2]
[  0 1/2 1/2 1/2 1/2 1/2 1/2]
[  0 1/2   1 1/2 1/2 1/2   0]
[  0 1/2 1/2   1 1/2 1/2   0]
[1/2 1/2 1/2 1/2 1/2   0 1/2]
[1/2 1/2 1/2 1/2   0 1/2 1/2]
[1/2 1/2   0   0 1/2 1/2 1/3]
7
[True]
[[1, 1, 3, 1], [1, 1], [1, 1], [0], [0], [0], [0], [0], [0], [0]]
 1D4 + 2A2 + 7A1 +Genus of
[-4 -1  1  0  0  0  0  0 -1 -1 -1 -1 -1 -1  0]
[-1 -2  1  0  0  0  0  0  0  0  0  0  0  0  0]
[ 1  1 -2  1  0  0  0  0  0  0  0  0  0  0  0]
[ 0  0  1 -2  0  0  0  0  0  0  0  0  0  0  0]
[ 0  0  0  0 -2  1  0  0  0  0  0  0  0  0  0]
[ 0  0  0  0  1 -2  0  0  0  0  0  0  0  0  0]
[ 0  0  0  0  0  0 -2  1  0  0  0  0  0  0  0]
[ 0  0  0  0  0  0  1 -2  0  0  0  0  0  0  0]
[-1  0  0  0  0  0  0  0 -2  0  0  0  0  0  0]
[-1  0  0  0  0  0  0  0  0 -2  0  0  0  0  0]
[-1  0  0  0  0  0  0  0  0  0 -2  0  0  0  0]
[-1  0  0  0  0  0  0  0  0  0  0 -2  0  0  0]
[-1  0  0  0  0  0  0  0  0  0  0  0 -2  0  0]
[-1  0  0  0  0  0  0  0  0  0  0  0  0 -2  0]
[ 0  0  0  0  0  0  0  0  0  0  0  0  0  0 -2]
Signature:  (0, 15)
Genus symbol at 2:    1^8 [2^7]_5
Genus symbol at 3:     1^13 3^2
Finite quadratic module over Integer Ring with invariants (2, 2, 2, 2, 2, 6, 6)
Gram matrix of the quadratic form with values in Q/2Z:
[ 1/2    0    0    0    0    0    0]
[   0  1/2    0    0    0    0    0]
[   0    0  1/2    0    0    0    0]
[   0    0    0  1/2    0    0    0]
[   0    0    0    0  1/2    0    0]
[   0    0    0    0    0 11/6    0]
[   0    0    0    0    0    0  5/6]
7
[True]
[[1, 1, 3, 1], [1, 1], [1, 1], [1, 1], [0], [0], [0], [0], [0]]
 1D4 + 3A2 + 5A1 +Genus of
[-2  0  1  0  0  0  0  0  0  0  0  0  0  0  0]
[ 0 -2  1  0  0  0  0  0  0  0  0  0  0  0  0]
[ 1  1 -2  1  0  0  0  0  0  0  0  0  0  0  0]
[ 0  0  1 -2  0  0  0  0  0  0  0  0  0  0  0]
[ 0  0  0  0 -2  1  0  0  0  0  0  0  0  0  0]
[ 0  0  0  0  1 -2  0  0  0  0  0  0  0  0  0]
[ 0  0  0  0  0  0 -2  1  0  0  0  0  0  0  0]
[ 0  0  0  0  0  0  1 -2  0  0  0  0  0  0  0]
[ 0  0  0  0  0  0  0  0 -2  1  0  0  0  0  0]
[ 0  0  0  0  0  0  0  0  1 -2  0  0  0  0  0]
[ 0  0  0  0  0  0  0  0  0  0 -2  0  0  0  0]
[ 0  0  0  0  0  0  0  0  0  0  0 -2  0  0  0]
[ 0  0  0  0  0  0  0  0  0  0  0  0 -2  0  0]
[ 0  0  0  0  0  0  0  0  0  0  0  0  0 -2  0]
[ 0  0  0  0  0  0  0  0  0  0  0  0  0  0 -2]
Signature:  (0, 15)
Genus symbol at 2:    1^-8 [2^7]_7
Genus symbol at 3:     1^12 3^3
Finite quadratic module over Integer Ring with invariants (2, 2, 2, 2, 6, 6, 6)
Gram matrix of the quadratic form with values in Q/2Z:
[  1 1/2   0   0 1/2   0   0]
[1/2 1/2   0   0   0   0   0]
[  0   0 3/2   0   0   0   0]
[  0   0   0 3/2   0   0   0]
[1/2   0   0   0 1/3   0   0]
[  0   0   0   0   0 5/6   0]
[  0   0   0   0   0   0 5/6]
7
[True]
[[1, 1, 3, 1], [1, 2, 1], [0], [0], [0], [0], [0], [0], [0], [0]]
 1D4 + 1A3 + 8A1 +Genus of
[-4 -2  1 -1  0  0  0  0 -1 -1 -1 -1 -1 -1  0]
[-2 -4  1 -1 -1  1 -1 -1  0  0  0 -1 -1 -1  0]
[ 1  1 -2  1  0  0  0  0  0  0  0  0  0  0  0]
[-1 -1  1 -2  0  0  0  0  0  0  0  0  0  0  0]
[ 0 -1  0  0 -2  1  0  0  0  0  0  0  0  0  0]
[ 0  1  0  0  1 -2  1  0  0  0  0  0  0  0  0]
[ 0 -1  0  0  0  1 -2  0  0  0  0  0  0  0  0]
[ 0 -1  0  0  0  0  0 -2  0  0  0  0  0  0  0]
[-1  0  0  0  0  0  0  0 -2  0  0  0  0  0  0]
[-1  0  0  0  0  0  0  0  0 -2  0  0  0  0  0]
[-1  0  0  0  0  0  0  0  0  0 -2  0  0  0  0]
[-1 -1  0  0  0  0  0  0  0  0  0 -2  0  0  0]
[-1 -1  0  0  0  0  0  0  0  0  0  0 -2  0  0]
[-1 -1  0  0  0  0  0  0  0  0  0  0  0 -2  0]
[ 0  0  0  0  0  0  0  0  0  0  0  0  0  0 -2]
Signature:  (0, 15)
Genus symbol at 2:    1^8 [2^6 4^1]_1
Finite quadratic module over Integer Ring with invariants (2, 2, 2, 2, 2, 2, 4)
Gram matrix of the quadratic form with values in Q/2Z:
[1/2 1/2 1/2 1/2   0   0 1/2]
[1/2   1 1/2   0   0   0 1/2]
[1/2 1/2   1   0   0   0 1/2]
[1/2   0   0   1 1/2   0   0]
[  0   0   0 1/2   1   0 1/2]
[  0   0   0   0   0 1/2 1/2]
[1/2 1/2 1/2   0 1/2 1/2 1/4]
7
[True]
[[1, 1, 3, 1], [1, 2, 1], [1, 1], [0], [0], [0], [0], [0], [0]]
 1D4 + 1A3 + 1A2 + 6A1 +Genus of
[-4 -1  1  0 -1  1 -1  0  0 -1 -1 -1 -1  0  0]
[-1 -2  1  0  0  0  0  0  0  0  0  0  0  0  0]
[ 1  1 -2  1  0  0  0  0  0  0  0  0  0  0  0]
[ 0  0  1 -2  0  0  0  0  0  0  0  0  0  0  0]
[-1  0  0  0 -2  1  0  0  0  0  0  0  0  0  0]
[ 1  0  0  0  1 -2  1  0  0  0  0  0  0  0  0]
[-1  0  0  0  0  1 -2  0  0  0  0  0  0  0  0]
[ 0  0  0  0  0  0  0 -2  1  0  0  0  0  0  0]
[ 0  0  0  0  0  0  0  1 -2  0  0  0  0  0  0]
[-1  0  0  0  0  0  0  0  0 -2  0  0  0  0  0]
[-1  0  0  0  0  0  0  0  0  0 -2  0  0  0  0]
[-1  0  0  0  0  0  0  0  0  0  0 -2  0  0  0]
[-1  0  0  0  0  0  0  0  0  0  0  0 -2  0  0]
[ 0  0  0  0  0  0  0  0  0  0  0  0  0 -2  0]
[ 0  0  0  0  0  0  0  0  0  0  0  0  0  0 -2]
Signature:  (0, 15)
Genus symbol at 2:    1^-8 [2^6 4^1]_3
Genus symbol at 3:     1^-14 3^1
Finite quadratic module over Integer Ring with invariants (2, 2, 2, 2, 2, 2, 12)
Gram matrix of the quadratic form with values in Q/2Z:
[  3/2     0     0     0     0     0   1/2]
[    0   1/2     0     0     0     0     0]
[    0     0   1/2     0     0     0     0]
[    0     0     0   1/2     0     0     0]
[    0     0     0     0   1/2     0     0]
[    0     0     0     0     0   3/2     0]
[  1/2     0     0     0     0     0 13/12]
7
[True]
[[1, 1, 3, 1], [1, 2, 2, 1], [0], [0], [0], [0], [0], [0], [0]]
 1D4 + 1A4 + 7A1 +Genus of
[-4 -1  1  0  0  0  0  0 -1 -1 -1 -1 -1 -1  0]
[-1 -2  1  0  0  0  0  0  0  0  0  0  0  0  0]
[ 1  1 -2  1  0  0  0  0  0  0  0  0  0  0  0]
[ 0  0  1 -2  0  0  0  0  0  0  0  0  0  0  0]
[ 0  0  0  0 -2  1  0  0  0  0  0  0  0  0  0]
[ 0  0  0  0  1 -2  1  0  0  0  0  0  0  0  0]
[ 0  0  0  0  0  1 -2  1  0  0  0  0  0  0  0]
[ 0  0  0  0  0  0  1 -2  0  0  0  0  0  0  0]
[-1  0  0  0  0  0  0  0 -2  0  0  0  0  0  0]
[-1  0  0  0  0  0  0  0  0 -2  0  0  0  0  0]
[-1  0  0  0  0  0  0  0  0  0 -2  0  0  0  0]
[-1  0  0  0  0  0  0  0  0  0  0 -2  0  0  0]
[-1  0  0  0  0  0  0  0  0  0  0  0 -2  0  0]
[-1  0  0  0  0  0  0  0  0  0  0  0  0 -2  0]
[ 0  0  0  0  0  0  0  0  0  0  0  0  0  0 -2]
Signature:  (0, 15)
Genus symbol at 2:    1^-8 [2^7]_5
Genus symbol at 5:     1^-14 5^1
Finite quadratic module over Integer Ring with invariants (2, 2, 2, 2, 2, 2, 10)
Gram matrix of the quadratic form with values in Q/2Z:
[ 1/2    0    0    0    0    0    0]
[   0  1/2    0    0    0    0    0]
[   0    0  1/2    0    0    0    0]
[   0    0    0  1/2    0    0    0]
[   0    0    0    0  1/2    0    0]
[   0    0    0    0    0  1/2    0]
[   0    0    0    0    0    0 3/10]
7
[True]
[[1, 1, 3, 1], [1, 2, 2, 1], [1, 1], [0], [0], [0], [0], [0]]
 1D4 + 1A4 + 1A2 + 5A1 +Genus of
[-2  0  1  0  0  0  0  0  0  0  0  0  0  0  0]
[ 0 -2  1  0  0  0  0  0  0  0  0  0  0  0  0]
[ 1  1 -2  1  0  0  0  0  0  0  0  0  0  0  0]
[ 0  0  1 -2  0  0  0  0  0  0  0  0  0  0  0]
[ 0  0  0  0 -2  1  0  0  0  0  0  0  0  0  0]
[ 0  0  0  0  1 -2  1  0  0  0  0  0  0  0  0]
[ 0  0  0  0  0  1 -2  1  0  0  0  0  0  0  0]
[ 0  0  0  0  0  0  1 -2  0  0  0  0  0  0  0]
[ 0  0  0  0  0  0  0  0 -2  1  0  0  0  0  0]
[ 0  0  0  0  0  0  0  0  1 -2  0  0  0  0  0]
[ 0  0  0  0  0  0  0  0  0  0 -2  0  0  0  0]
[ 0  0  0  0  0  0  0  0  0  0  0 -2  0  0  0]
[ 0  0  0  0  0  0  0  0  0  0  0  0 -2  0  0]
[ 0  0  0  0  0  0  0  0  0  0  0  0  0 -2  0]
[ 0  0  0  0  0  0  0  0  0  0  0  0  0  0 -2]
Signature:  (0, 15)
Genus symbol at 2:    1^8 [2^7]_7
Genus symbol at 3:     1^-14 3^1
Genus symbol at 5:     1^14 5^1
Finite quadratic module over Integer Ring with invariants (2, 2, 2, 2, 2, 2, 30)
Gram matrix of the quadratic form with values in Q/2Z:
[    1   1/2     0     0     0     0   1/2]
[  1/2   1/2     0     0     0     0     0]
[    0     0   3/2     0     0     0     0]
[    0     0     0   3/2     0     0     0]
[    0     0     0     0   3/2     0     0]
[    0     0     0     0     0   3/2     0]
[  1/2     0     0     0     0     0 23/15]
7
[True]
[[1, 2, 2, 2, 2, 1], [1, 1, 3, 1], [0], [0], [0], [0], [0]]
 1A6 + 1D4 + 5A1 +Genus of
[-2  0  1  0  0  0  0  0  0  0  0  0  0  0  0]
[ 0 -2  1  0  0  0  0  0  0  0  0  0  0  0  0]
[ 1  1 -2  1  0  0  0  0  0  0  0  0  0  0  0]
[ 0  0  1 -2  0  0  0  0  0  0  0  0  0  0  0]
[ 0  0  0  0 -2  1  0  0  0  0  0  0  0  0  0]
[ 0  0  0  0  1 -2  1  0  0  0  0  0  0  0  0]
[ 0  0  0  0  0  1 -2  1  0  0  0  0  0  0  0]
[ 0  0  0  0  0  0  1 -2  1  0  0  0  0  0  0]
[ 0  0  0  0  0  0  0  1 -2  1  0  0  0  0  0]
[ 0  0  0  0  0  0  0  0  1 -2  0  0  0  0  0]
[ 0  0  0  0  0  0  0  0  0  0 -2  0  0  0  0]
[ 0  0  0  0  0  0  0  0  0  0  0 -2  0  0  0]
[ 0  0  0  0  0  0  0  0  0  0  0  0 -2  0  0]
[ 0  0  0  0  0  0  0  0  0  0  0  0  0 -2  0]
[ 0  0  0  0  0  0  0  0  0  0  0  0  0  0 -2]
Signature:  (0, 15)
Genus symbol at 2:    1^8 [2^7]_7
Genus symbol at 7:     1^-14 7^1
Finite quadratic module over Integer Ring with invariants (2, 2, 2, 2, 2, 2, 14)
Gram matrix of the quadratic form with values in Q/2Z:
[  1 1/2   0   0   0   0 1/2]
[1/2 1/2   0   0   0   0   0]
[  0   0 3/2   0   0   0   0]
[  0   0   0 3/2   0   0   0]
[  0   0   0   0 3/2   0   0]
[  0   0   0   0   0 3/2   0]
[1/2   0   0   0   0   0 9/7]
7
[True]
[[1, 2, 3, 2, 2, 2, 1, 1], [0], [0], [0], [0], [0], [0], [0]]
 1E8 + 7A1 +Genus of
[-2  1  0  0  0  0  0  0  0  0  0  0  0  0  0]
[ 1 -2  1  0  0  0  0  0  0  0  0  0  0  0  0]
[ 0  1 -2  1  0  0  0  1  0  0  0  0  0  0  0]
[ 0  0  1 -2  1  0  0  0  0  0  0  0  0  0  0]
[ 0  0  0  1 -2  1  0  0  0  0  0  0  0  0  0]
[ 0  0  0  0  1 -2  1  0  0  0  0  0  0  0  0]
[ 0  0  0  0  0  1 -2  0  0  0  0  0  0  0  0]
[ 0  0  1  0  0  0  0 -2  0  0  0  0  0  0  0]
[ 0  0  0  0  0  0  0  0 -2  0  0  0  0  0  0]
[ 0  0  0  0  0  0  0  0  0 -2  0  0  0  0  0]
[ 0  0  0  0  0  0  0  0  0  0 -2  0  0  0  0]
[ 0  0  0  0  0  0  0  0  0  0  0 -2  0  0  0]
[ 0  0  0  0  0  0  0  0  0  0  0  0 -2  0  0]
[ 0  0  0  0  0  0  0  0  0  0  0  0  0 -2  0]
[ 0  0  0  0  0  0  0  0  0  0  0  0  0  0 -2]
Signature:  (0, 15)
Genus symbol at 2:    1^8 [2^7]_1
Finite quadratic module over Integer Ring with invariants (2, 2, 2, 2, 2, 2, 2)
Gram matrix of the quadratic form with values in Q/2Z:
[3/2   0   0   0   0   0   0]
[  0 3/2   0   0   0   0   0]
[  0   0 3/2   0   0   0   0]
[  0   0   0 3/2   0   0   0]
[  0   0   0   0 3/2   0   0]
[  0   0   0   0   0 3/2   0]
[  0   0   0   0   0   0 3/2]
7
[True]
[[1, 2, 3, 2, 2, 1, 1], [0], [0], [0], [0], [0], [0], [0], [0]]
 1E7 + 8A1 +Genus of
[-2  1  0  0  0  0  0  0  0  0  0  0  0  0  0]
[ 1 -2  1  0  0  0  0  0  0  0  0  0  0  0  0]
[ 0  1 -2  1  0  0  1  0  0  0  0  0  0  0  0]
[ 0  0  1 -4  1 -1 -1 -1 -1 -1 -1 -1  0  0  0]
[ 0  0  0  1 -2  1  0  0  0  0  0  0  0  0  0]
[ 0  0  0 -1  1 -2  0  0  0  0  0  0  0  0  0]
[ 0  0  1 -1  0  0 -2  0  0  0  0  0  0  0  0]
[ 0  0  0 -1  0  0  0 -2  0  0  0  0  0  0  0]
[ 0  0  0 -1  0  0  0  0 -2  0  0  0  0  0  0]
[ 0  0  0 -1  0  0  0  0  0 -2  0  0  0  0  0]
[ 0  0  0 -1  0  0  0  0  0  0 -2  0  0  0  0]
[ 0  0  0 -1  0  0  0  0  0  0  0 -2  0  0  0]
[ 0  0  0  0  0  0  0  0  0  0  0  0 -2  0  0]
[ 0  0  0  0  0  0  0  0  0  0  0  0  0 -2  0]
[ 0  0  0  0  0  0  0  0  0  0  0  0  0  0 -2]
Signature:  (0, 15)
Genus symbol at 2:    1^8 [2^7]_1
Finite quadratic module over Integer Ring with invariants (2, 2, 2, 2, 2, 2, 2)
Gram matrix of the quadratic form with values in Q/2Z:
[  1 1/2 1/2 1/2   0   0   0]
[1/2   1 1/2 1/2   0   0   0]
[1/2 1/2   1 1/2   0   0   0]
[1/2 1/2 1/2   1   0   0   0]
[  0   0   0   0 3/2   0   0]
[  0   0   0   0   0 3/2   0]
[  0   0   0   0   0   0 3/2]
7
[True]
[[1, 2, 3, 2, 1, 1], [0], [0], [0], [0], [0], [0], [0], [0], [0]]
 1E6 + 9A1 +Genus of
[-2  1  0  0  0  0  0  0  0  0  0  0  0  0  0]
[ 1 -2  1  0  0  0  0  0  0  0  0  0  0  0  0]
[ 0  1 -2  1  0  1  0  0  0  0  0  0  0  0  0]
[ 0  0  1 -2  1  0  0  0  0  0  0  0  0  0  0]
[ 0  0  0  1 -2  0  0  0  0  0  0  0  0  0  0]
[ 0  0  1  0  0 -2  0  0  0  0  0  0  0  0  0]
[ 0  0  0  0  0  0 -4 -1 -1 -1 -1 -1 -1 -1  0]
[ 0  0  0  0  0  0 -1 -2  0  0  0  0  0  0  0]
[ 0  0  0  0  0  0 -1  0 -2  0  0  0  0  0  0]
[ 0  0  0  0  0  0 -1  0  0 -2  0  0  0  0  0]
[ 0  0  0  0  0  0 -1  0  0  0 -2  0  0  0  0]
[ 0  0  0  0  0  0 -1  0  0  0  0 -2  0  0  0]
[ 0  0  0  0  0  0 -1  0  0  0  0  0 -2  0  0]
[ 0  0  0  0  0  0 -1  0  0  0  0  0  0 -2  0]
[ 0  0  0  0  0  0  0  0  0  0  0  0  0  0 -2]
Signature:  (0, 15)
Genus symbol at 2:    1^-8 [2^7]_7
Genus symbol at 3:     1^-14 3^-1
Finite quadratic module over Integer Ring with invariants (2, 2, 2, 2, 2, 2, 6)
Gram matrix of the quadratic form with values in Q/2Z:
[  1 1/2 1/2 1/2 1/2 1/2   0]
[1/2   1 1/2 1/2 1/2 1/2   0]
[1/2 1/2   1 1/2 1/2 1/2   0]
[1/2 1/2 1/2   1 1/2 1/2   0]
[1/2 1/2 1/2 1/2   1 1/2   0]
[1/2 1/2 1/2 1/2 1/2   1   0]
[  0   0   0   0   0   0 1/6]
7
[True]
[[1, 2, 3, 2, 1, 1], [1, 1], [0], [0], [0], [0], [0], [0], [0]]
 1E6 + 1A2 + 7A1 +Genus of
[-2  1  0  0  0  0  0  0  0  0  0  0  0  0  0]
[ 1 -2  1  0  0  0  0  0  0  0  0  0  0  0  0]
[ 0  1 -2  1  0  1  0  0  0  0  0  0  0  0  0]
[ 0  0  1 -2  1  0  0  0  0  0  0  0  0  0  0]
[ 0  0  0  1 -2  0  0  0  0  0  0  0  0  0  0]
[ 0  0  1  0  0 -2  0  0  0  0  0  0  0  0  0]
[ 0  0  0  0  0  0 -2  1  0  0  0  0  0  0  0]
[ 0  0  0  0  0  0  1 -2  0  0  0  0  0  0  0]
[ 0  0  0  0  0  0  0  0 -2  0  0  0  0  0  0]
[ 0  0  0  0  0  0  0  0  0 -2  0  0  0  0  0]
[ 0  0  0  0  0  0  0  0  0  0 -2  0  0  0  0]
[ 0  0  0  0  0  0  0  0  0  0  0 -2  0  0  0]
[ 0  0  0  0  0  0  0  0  0  0  0  0 -2  0  0]
[ 0  0  0  0  0  0  0  0  0  0  0  0  0 -2  0]
[ 0  0  0  0  0  0  0  0  0  0  0  0  0  0 -2]
Signature:  (0, 15)
Genus symbol at 2:    1^8 [2^7]_1
Genus symbol at 3:     1^-13 3^-2
Finite quadratic module over Integer Ring with invariants (2, 2, 2, 2, 2, 6, 6)
Gram matrix of the quadratic form with values in Q/2Z:
[3/2   0   0   0   0   0   0]
[  0 3/2   0   0   0   0   0]
[  0   0 3/2   0   0   0   0]
[  0   0   0 3/2   0   0   0]
[  0   0   0   0 3/2   0   0]
[  0   0   0   0   0 5/6   0]
[  0   0   0   0   0   0 1/6]
7
[True]
[[1, 2, 3, 2, 1, 1], [1, 1, 3, 1], [0], [0], [0], [0], [0]]
 1E6 + 1D4 + 5A1 +Genus of
[-2  1  0  0  0  0  0  0  0  0  0  0  0  0  0]
[ 1 -2  1  0  0  0  0  0  0  0  0  0  0  0  0]
[ 0  1 -2  1  0  1  0  0  0  0  0  0  0  0  0]
[ 0  0  1 -2  1  0  0  0  0  0  0  0  0  0  0]
[ 0  0  0  1 -2  0  0  0  0  0  0  0  0  0  0]
[ 0  0  1  0  0 -2  0  0  0  0  0  0  0  0  0]
[ 0  0  0  0  0  0 -2  0  1  0  0  0  0  0  0]
[ 0  0  0  0  0  0  0 -2  1  0  0  0  0  0  0]
[ 0  0  0  0  0  0  1  1 -2  1  0  0  0  0  0]
[ 0  0  0  0  0  0  0  0  1 -2  0  0  0  0  0]
[ 0  0  0  0  0  0  0  0  0  0 -2  0  0  0  0]
[ 0  0  0  0  0  0  0  0  0  0  0 -2  0  0  0]
[ 0  0  0  0  0  0  0  0  0  0  0  0 -2  0  0]
[ 0  0  0  0  0  0  0  0  0  0  0  0  0 -2  0]
[ 0  0  0  0  0  0  0  0  0  0  0  0  0  0 -2]
Signature:  (0, 15)
Genus symbol at 2:    1^-8 [2^7]_7
Genus symbol at 3:     1^-14 3^-1
Finite quadratic module over Integer Ring with invariants (2, 2, 2, 2, 2, 2, 6)
Gram matrix of the quadratic form with values in Q/2Z:
[  1 1/2   0   0   0   0   0]
[1/2   1   0   0   0   0   0]
[  0   0 3/2   0   0   0   0]
[  0   0   0 3/2   0   0   0]
[  0   0   0   0 3/2   0   0]
[  0   0   0   0   0 3/2   0]
[  0   0   0   0   0   0 1/6]
7
[True]
