-------------------------

CASE NUMBER
0
[[0], [0], [0], [0], [0], [0], [0], [0], [0], [0], [0], [0], [0], [0], [0]]
 15A1 +Genus of
[-4 -2 -2 -1 -2 -1 -1  0 -1  0  0 -1  0 -1 -1]
[-2 -4 -2 -1 -2 -1  0 -1 -1  0 -1  0 -1  0 -1]
[-2 -2 -4 -1 -2  0 -1 -1 -1 -1  0  0 -1 -1  0]
[-1 -1 -1 -2  0  0  0  0  0  0  0  0  0  0  0]
[-2 -2 -2  0 -4 -1 -1 -1 -1 -1 -1 -1  0  0  0]
[-1 -1  0  0 -1 -2  0  0  0  0  0  0  0  0  0]
[-1  0 -1  0 -1  0 -2  0  0  0  0  0  0  0  0]
[ 0 -1 -1  0 -1  0  0 -2  0  0  0  0  0  0  0]
[-1 -1 -1  0 -1  0  0  0 -2  0  0  0  0  0  0]
[ 0  0 -1  0 -1  0  0  0  0 -2  0  0  0  0  0]
[ 0 -1  0  0 -1  0  0  0  0  0 -2  0  0  0  0]
[-1  0  0  0 -1  0  0  0  0  0  0 -2  0  0  0]
[ 0 -1 -1  0  0  0  0  0  0  0  0  0 -2  0  0]
[-1  0 -1  0  0  0  0  0  0  0  0  0  0 -2  0]
[-1 -1  0  0  0  0  0  0  0  0  0  0  0  0 -2]
Signature:  (0, 15)
Genus symbol at 2:    1^8 [2^7]_1
Finite quadratic module over Integer Ring with invariants (2, 2, 2, 2, 2, 2, 2)
Gram matrix of the quadratic form with values in Q/2Z:
[3/2   0   0   0   0   0   0]
[  0 1/2 1/2 1/2 1/2 1/2   0]
[  0 1/2 1/2 1/2 1/2   0 1/2]
[  0 1/2 1/2 1/2   0 1/2 1/2]
[  0 1/2 1/2   0 1/2 1/2 1/2]
[  0 1/2   0 1/2 1/2 1/2 1/2]
[  0   0 1/2 1/2 1/2 1/2 1/2]
7
SQUARE TEST:
[True]
TMP=
True
-----END CASE ---
-------------------------

-------------------------

CASE NUMBER
1
[[1, 1], [1, 1], [1, 1], [0], [0], [0], [0], [0], [0], [0], [0], [0]]
 3A2 + 9A1 +Genus of
[-2  1  0  0  0  0  0  0  0  0  0  0  0  0  0]
[ 1 -2  0  0  0  0  0  0  0  0  0  0  0  0  0]
[ 0  0 -2  1  0  0  0  0  0  0  0  0  0  0  0]
[ 0  0  1 -2  0  0  0  0  0  0  0  0  0  0  0]
[ 0  0  0  0 -2  1  0  0  0  0  0  0  0  0  0]
[ 0  0  0  0  1 -2  0  0  0  0  0  0  0  0  0]
[ 0  0  0  0  0  0 -4 -1 -1 -1 -1 -1 -1 -1  0]
[ 0  0  0  0  0  0 -1 -2  0  0  0  0  0  0  0]
[ 0  0  0  0  0  0 -1  0 -2  0  0  0  0  0  0]
[ 0  0  0  0  0  0 -1  0  0 -2  0  0  0  0  0]
[ 0  0  0  0  0  0 -1  0  0  0 -2  0  0  0  0]
[ 0  0  0  0  0  0 -1  0  0  0  0 -2  0  0  0]
[ 0  0  0  0  0  0 -1  0  0  0  0  0 -2  0  0]
[ 0  0  0  0  0  0 -1  0  0  0  0  0  0 -2  0]
[ 0  0  0  0  0  0  0  0  0  0  0  0  0  0 -2]
Signature:  (0, 15)
Genus symbol at 2:    1^-8 [2^7]_7
Genus symbol at 3:     1^12 3^3
Finite quadratic module over Integer Ring with invariants (2, 2, 2, 2, 6, 6, 6)
Gram matrix of the quadratic form with values in Q/2Z:
[    1   1/2   1/2   1/2   9/2   9/2     0]
[  1/2     1   1/2   1/2   9/2   9/2     0]
[  1/2   1/2     1   1/2   9/2   9/2     0]
[  1/2   1/2   1/2     1   9/2   9/2     0]
[  9/2   9/2   9/2   9/2    27  81/2     0]
[  9/2   9/2   9/2   9/2  81/2    27     0]
[    0     0     0     0     0     0 135/2]
7
SQUARE TEST:
[False]
2-adic TEST:
True
TMP=
True
-----END CASE ---
-------------------------

-------------------------

CASE NUMBER
2
[[1, 1], [1, 1], [1, 1], [1, 1], [0], [0], [0], [0], [0], [0], [0]]
 4A2 + 7A1 +Genus of
[-2  1  0  0  0  0  0  0  0  0  0  0  0  0  0]
[ 1 -2  0  0  0  0  0  0  0  0  0  0  0  0  0]
[ 0  0 -2  1  0  0  0  0  0  0  0  0  0  0  0]
[ 0  0  1 -2  0  0  0  0  0  0  0  0  0  0  0]
[ 0  0  0  0 -2  1  0  0  0  0  0  0  0  0  0]
[ 0  0  0  0  1 -2  0  0  0  0  0  0  0  0  0]
[ 0  0  0  0  0  0 -2  1  0  0  0  0  0  0  0]
[ 0  0  0  0  0  0  1 -2  0  0  0  0  0  0  0]
[ 0  0  0  0  0  0  0  0 -2  0  0  0  0  0  0]
[ 0  0  0  0  0  0  0  0  0 -2  0  0  0  0  0]
[ 0  0  0  0  0  0  0  0  0  0 -2  0  0  0  0]
[ 0  0  0  0  0  0  0  0  0  0  0 -2  0  0  0]
[ 0  0  0  0  0  0  0  0  0  0  0  0 -2  0  0]
[ 0  0  0  0  0  0  0  0  0  0  0  0  0 -2  0]
[ 0  0  0  0  0  0  0  0  0  0  0  0  0  0 -2]
Signature:  (0, 15)
Genus symbol at 2:    1^8 [2^7]_1
Genus symbol at 3:     1^11 3^4
Finite quadratic module over Integer Ring with invariants (2, 2, 2, 6, 6, 6, 6)
Gram matrix of the quadratic form with values in Q/2Z:
[  3/2     0     0     0     0     0     0]
[    0   3/2     0     0     0     0     0]
[    0     0   3/2     0     0     0     0]
[    0     0     0 135/2     0     0     0]
[    0     0     0     0 135/2     0     0]
[    0     0     0     0     0 135/2     0]
[    0     0     0     0     0     0 135/2]
7
SQUARE TEST:
[False]
2-adic TEST:
True
TMP=
True
-----END CASE ---
-------------------------

-------------------------

CASE NUMBER
3
[[1, 2, 1], [0], [0], [0], [0], [0], [0], [0], [0], [0], [0], [0], [0]]
 1A3 + 12A1 +Genus of
[-4  1 -1 -2  0 -2  0 -1 -1  0  0 -1 -1 -1 -1]
[ 1 -2  1  0  0  0  0  0  0  0  0  0  0  0  0]
[-1  1 -2  0  0  0  0  0  0  0  0  0  0  0  0]
[-2  0  0 -4 -1 -2  0 -1 -1 -1 -1  0  0 -1 -1]
[ 0  0  0 -1 -2  0  0  0  0  0  0  0  0  0  0]
[-2  0  0 -2  0 -4 -1 -1 -1 -1 -1 -1 -1  0  0]
[ 0  0  0  0  0 -1 -2  0  0  0  0  0  0  0  0]
[-1  0  0 -1  0 -1  0 -2  0  0  0  0  0  0  0]
[-1  0  0 -1  0 -1  0  0 -2  0  0  0  0  0  0]
[ 0  0  0 -1  0 -1  0  0  0 -2  0  0  0  0  0]
[ 0  0  0 -1  0 -1  0  0  0  0 -2  0  0  0  0]
[-1  0  0  0  0 -1  0  0  0  0  0 -2  0  0  0]
[-1  0  0  0  0 -1  0  0  0  0  0  0 -2  0  0]
[-1  0  0 -1  0  0  0  0  0  0  0  0  0 -2  0]
[-1  0  0 -1  0  0  0  0  0  0  0  0  0  0 -2]
Signature:  (0, 15)
Genus symbol at 2:    1^8 [2^6 4^1]_1
Finite quadratic module over Integer Ring with invariants (2, 2, 2, 2, 2, 2, 4)
Gram matrix of the quadratic form with values in Q/2Z:
[  1   0   0 1/2 1/2 1/2   0]
[  0 1/2   0 1/2 1/2 1/2   2]
[  0   0 1/2 1/2 1/2 1/2   2]
[1/2 1/2 1/2 1/2   0 1/2   2]
[1/2 1/2 1/2   0 1/2 1/2   2]
[1/2 1/2 1/2 1/2 1/2 1/2   0]
[  0   2   2   2   2   0   4]
7
SQUARE TEST:
[False]
2-adic TEST:
True
TMP=
True
-----END CASE ---
-------------------------

-------------------------

CASE NUMBER
4
[[1, 2, 1], [1, 1], [0], [0], [0], [0], [0], [0], [0], [0], [0], [0]]
 1A3 + 1A2 + 10A1 +Genus of
[-4  1 -1  0  0 -1 -1 -2  0  0  0 -1 -1 -1 -1]
[ 1 -2  1  0  0  0  0  0  0  0  0  0  0  0  0]
[-1  1 -2  0  0  0  0  0  0  0  0  0  0  0  0]
[ 0  0  0 -2  1  0  0  0  0  0  0  0  0  0  0]
[ 0  0  0  1 -2  0  0  0  0  0  0  0  0  0  0]
[-1  0  0  0  0 -2  0  0  0  0  0  0  0  0  0]
[-1  0  0  0  0  0 -2  0  0  0  0  0  0  0  0]
[-2  0  0  0  0  0  0 -4 -1 -1 -1 -1 -1 -1 -1]
[ 0  0  0  0  0  0  0 -1 -2  0  0  0  0  0  0]
[ 0  0  0  0  0  0  0 -1  0 -2  0  0  0  0  0]
[ 0  0  0  0  0  0  0 -1  0  0 -2  0  0  0  0]
[-1  0  0  0  0  0  0 -1  0  0  0 -2  0  0  0]
[-1  0  0  0  0  0  0 -1  0  0  0  0 -2  0  0]
[-1  0  0  0  0  0  0 -1  0  0  0  0  0 -2  0]
[-1  0  0  0  0  0  0 -1  0  0  0  0  0  0 -2]
Signature:  (0, 15)
Genus symbol at 2:    1^-8 [2^6 4^1]_3
Genus symbol at 3:     1^-14 3^1
Finite quadratic module over Integer Ring with invariants (2, 2, 2, 2, 2, 2, 12)
Gram matrix of the quadratic form with values in Q/2Z:
[  1   0   0 1/2   0 1/2  18]
[  0   1 1/2 1/2   0 1/2   0]
[  0 1/2   1 1/2   0 1/2   0]
[1/2 1/2 1/2 1/2   0 1/2   0]
[  0   0   0   0   0 1/2  18]
[1/2 1/2 1/2 1/2 1/2 3/2   0]
[ 18   0   0   0  18   0 108]
7
SQUARE TEST:
[False]
2-adic TEST:
True
TMP=
True
-----END CASE ---
-------------------------

-------------------------

CASE NUMBER
5
[[1, 2, 1], [1, 1], [1, 1], [0], [0], [0], [0], [0], [0], [0], [0]]
 1A3 + 2A2 + 8A1 +Genus of
[-4  1 -1  0  0  0  0 -1 -1 -1 -1 -1 -1  0  0]
[ 1 -2  1  0  0  0  0  0  0  0  0  0  0  0  0]
[-1  1 -2  0  0  0  0  0  0  0  0  0  0  0  0]
[ 0  0  0 -2  1  0  0  0  0  0  0  0  0  0  0]
[ 0  0  0  1 -2  0  0  0  0  0  0  0  0  0  0]
[ 0  0  0  0  0 -2  1  0  0  0  0  0  0  0  0]
[ 0  0  0  0  0  1 -2  0  0  0  0  0  0  0  0]
[-1  0  0  0  0  0  0 -2  0  0  0  0  0  0  0]
[-1  0  0  0  0  0  0  0 -2  0  0  0  0  0  0]
[-1  0  0  0  0  0  0  0  0 -2  0  0  0  0  0]
[-1  0  0  0  0  0  0  0  0  0 -2  0  0  0  0]
[-1  0  0  0  0  0  0  0  0  0  0 -2  0  0  0]
[-1  0  0  0  0  0  0  0  0  0  0  0 -2  0  0]
[ 0  0  0  0  0  0  0  0  0  0  0  0  0 -2  0]
[ 0  0  0  0  0  0  0  0  0  0  0  0  0  0 -2]
Signature:  (0, 15)
Genus symbol at 2:    1^8 [2^6 4^1]_5
Genus symbol at 3:     1^-13 3^2
Finite quadratic module over Integer Ring with invariants (2, 2, 2, 2, 2, 6, 12)
Gram matrix of the quadratic form with values in Q/2Z:
[    1   1/2   1/2   1/2     0     0     0]
[  1/2     1   1/2   1/2     0     0     0]
[  1/2   1/2     1   1/2     0     0     0]
[  1/2   1/2   1/2     1     0     0     0]
[    0     0     0     0   1/2     0     0]
[    0     0     0     0     0 135/2     0]
[    0     0     0     0     0     0  2052]
7
SQUARE TEST:
[False]
2-adic TEST:
True
TMP=
True
-----END CASE ---
-------------------------

-------------------------

CASE NUMBER
6
[[1, 2, 1], [1, 2, 1], [0], [0], [0], [0], [0], [0], [0], [0], [0]]
 2A3 + 9A1 +Genus of
[-4  1 -1 -1  1 -1 -2  0  0  0 -1 -1 -1 -1  0]
[ 1 -2  1  0  0  0  0  0  0  0  0  0  0  0  0]
[-1  1 -2  0  0  0  0  0  0  0  0  0  0  0  0]
[-1  0  0 -2  1  0  0  0  0  0  0  0  0  0  0]
[ 1  0  0  1 -2  1  0  0  0  0  0  0  0  0  0]
[-1  0  0  0  1 -2  0  0  0  0  0  0  0  0  0]
[-2  0  0  0  0  0 -4 -1 -1 -1 -1 -1 -1 -1  0]
[ 0  0  0  0  0  0 -1 -2  0  0  0  0  0  0  0]
[ 0  0  0  0  0  0 -1  0 -2  0  0  0  0  0  0]
[ 0  0  0  0  0  0 -1  0  0 -2  0  0  0  0  0]
[-1  0  0  0  0  0 -1  0  0  0 -2  0  0  0  0]
[-1  0  0  0  0  0 -1  0  0  0  0 -2  0  0  0]
[-1  0  0  0  0  0 -1  0  0  0  0  0 -2  0  0]
[-1  0  0  0  0  0 -1  0  0  0  0  0  0 -2  0]
[ 0  0  0  0  0  0  0  0  0  0  0  0  0  0 -2]
Signature:  (0, 15)
Genus symbol at 2:    1^8 [2^5 4^2]_1
Finite quadratic module over Integer Ring with invariants (2, 2, 2, 2, 2, 4, 4)
Gram matrix of the quadratic form with values in Q/2Z:
[  1 1/2   0   0   0   2   2]
[1/2   1   0   0   0   2   2]
[  0   0   1 1/2   0   0   0]
[  0   0 1/2   1   0   0   2]
[  0   0   0   0 1/2   0   2]
[  2   2   0   0   0  20   0]
[  2   2   0   2   2   0   4]
7
SQUARE TEST:
[True]
TMP=
True
-----END CASE ---
-------------------------

-------------------------

CASE NUMBER
7
[[1, 2, 1], [1, 2, 1], [1, 1], [0], [0], [0], [0], [0], [0], [0]]
 2A3 + 1A2 + 7A1 +Genus of
[-4  1 -1 -1  1 -1  0  0 -1 -1 -1 -1  0  0  0]
[ 1 -2  1  0  0  0  0  0  0  0  0  0  0  0  0]
[-1  1 -2  0  0  0  0  0  0  0  0  0  0  0  0]
[-1  0  0 -2  1  0  0  0  0  0  0  0  0  0  0]
[ 1  0  0  1 -2  1  0  0  0  0  0  0  0  0  0]
[-1  0  0  0  1 -2  0  0  0  0  0  0  0  0  0]
[ 0  0  0  0  0  0 -2  1  0  0  0  0  0  0  0]
[ 0  0  0  0  0  0  1 -2  0  0  0  0  0  0  0]
[-1  0  0  0  0  0  0  0 -2  0  0  0  0  0  0]
[-1  0  0  0  0  0  0  0  0 -2  0  0  0  0  0]
[-1  0  0  0  0  0  0  0  0  0 -2  0  0  0  0]
[-1  0  0  0  0  0  0  0  0  0  0 -2  0  0  0]
[ 0  0  0  0  0  0  0  0  0  0  0  0 -2  0  0]
[ 0  0  0  0  0  0  0  0  0  0  0  0  0 -2  0]
[ 0  0  0  0  0  0  0  0  0  0  0  0  0  0 -2]
Signature:  (0, 15)
Genus symbol at 2:    1^-8 [2^5 4^2]_3
Genus symbol at 3:     1^14 3^1
Finite quadratic module over Integer Ring with invariants (2, 2, 2, 2, 2, 4, 12)
Gram matrix of the quadratic form with values in Q/2Z:
[   1  1/2    0    0    0    0    0]
[ 1/2    1    0    0    0    0   18]
[   0    0  1/2    0    0    0    0]
[   0    0    0  1/2    0    2    0]
[   0    0    0    0  3/2    0    0]
[   0    0    0    2    0   28   72]
[   0   18    0    0    0   72 2052]
7
SQUARE TEST:
[True]
TMP=
True
-----END CASE ---
-------------------------

-------------------------

CASE NUMBER
8
[[1, 2, 2, 1], [1, 1], [0], [0], [0], [0], [0], [0], [0], [0], [0]]
 1A4 + 1A2 + 9A1 +Genus of
[-2  1  0  0  0  0  0  0  0  0  0  0  0  0  0]
[ 1 -2  1  0  0  0  0  0  0  0  0  0  0  0  0]
[ 0  1 -2  1  0  0  0  0  0  0  0  0  0  0  0]
[ 0  0  1 -2  0  0  0  0  0  0  0  0  0  0  0]
[ 0  0  0  0 -2  1  0  0  0  0  0  0  0  0  0]
[ 0  0  0  0  1 -2  0  0  0  0  0  0  0  0  0]
[ 0  0  0  0  0  0 -4 -1 -1 -1 -1 -1 -1 -1  0]
[ 0  0  0  0  0  0 -1 -2  0  0  0  0  0  0  0]
[ 0  0  0  0  0  0 -1  0 -2  0  0  0  0  0  0]
[ 0  0  0  0  0  0 -1  0  0 -2  0  0  0  0  0]
[ 0  0  0  0  0  0 -1  0  0  0 -2  0  0  0  0]
[ 0  0  0  0  0  0 -1  0  0  0  0 -2  0  0  0]
[ 0  0  0  0  0  0 -1  0  0  0  0  0 -2  0  0]
[ 0  0  0  0  0  0 -1  0  0  0  0  0  0 -2  0]
[ 0  0  0  0  0  0  0  0  0  0  0  0  0  0 -2]
Signature:  (0, 15)
Genus symbol at 2:    1^8 [2^7]_7
Genus symbol at 3:     1^-14 3^1
Genus symbol at 5:     1^14 5^1
Finite quadratic module over Integer Ring with invariants (2, 2, 2, 2, 2, 2, 30)
Gram matrix of the quadratic form with values in Q/2Z:
[     1    1/2    1/2    1/2    1/2    1/2      0]
[   1/2      1    1/2    1/2    1/2    1/2      0]
[   1/2    1/2      1    1/2    1/2    1/2      0]
[   1/2    1/2    1/2      1    1/2    1/2      0]
[   1/2    1/2    1/2    1/2      1    1/2      0]
[   1/2    1/2    1/2    1/2    1/2      1      0]
[     0      0      0      0      0      0 3375/2]
7
SQUARE TEST:
[True]
TMP=
True
-----END CASE ---
-------------------------

-------------------------

CASE NUMBER
9
[[1, 2, 2, 1], [1, 1], [1, 1], [0], [0], [0], [0], [0], [0], [0]]
 1A4 + 2A2 + 7A1 +Genus of
[-2  1  0  0  0  0  0  0  0  0  0  0  0  0  0]
[ 1 -2  1  0  0  0  0  0  0  0  0  0  0  0  0]
[ 0  1 -2  1  0  0  0  0  0  0  0  0  0  0  0]
[ 0  0  1 -2  0  0  0  0  0  0  0  0  0  0  0]
[ 0  0  0  0 -2  1  0  0  0  0  0  0  0  0  0]
[ 0  0  0  0  1 -2  0  0  0  0  0  0  0  0  0]
[ 0  0  0  0  0  0 -2  1  0  0  0  0  0  0  0]
[ 0  0  0  0  0  0  1 -2  0  0  0  0  0  0  0]
[ 0  0  0  0  0  0  0  0 -2  0  0  0  0  0  0]
[ 0  0  0  0  0  0  0  0  0 -2  0  0  0  0  0]
[ 0  0  0  0  0  0  0  0  0  0 -2  0  0  0  0]
[ 0  0  0  0  0  0  0  0  0  0  0 -2  0  0  0]
[ 0  0  0  0  0  0  0  0  0  0  0  0 -2  0  0]
[ 0  0  0  0  0  0  0  0  0  0  0  0  0 -2  0]
[ 0  0  0  0  0  0  0  0  0  0  0  0  0  0 -2]
Signature:  (0, 15)
Genus symbol at 2:    1^-8 [2^7]_1
Genus symbol at 3:     1^-13 3^2
Genus symbol at 5:     1^-14 5^1
Finite quadratic module over Integer Ring with invariants (2, 2, 2, 2, 2, 6, 30)
Gram matrix of the quadratic form with values in Q/2Z:
[   3/2      0      0      0      0      0      0]
[     0    3/2      0      0      0      0      0]
[     0      0    3/2      0      0      0      0]
[     0      0      0    3/2      0      0      0]
[     0      0      0      0    3/2      0      0]
[     0      0      0      0      0  135/2      0]
[     0      0      0      0      0      0 3375/2]
7
SQUARE TEST:
[True]
TMP=
True
-----END CASE ---
-------------------------

-------------------------

CASE NUMBER
10
[[1, 2, 2, 1], [1, 2, 1], [0], [0], [0], [0], [0], [0], [0], [0]]
 1A4 + 1A3 + 8A1 +Genus of
[-2  1  0  0  0  0  0  0  0  0  0  0  0  0  0]
[ 1 -2  1  0  0  0  0  0  0  0  0  0  0  0  0]
[ 0  1 -2  1  0  0  0  0  0  0  0  0  0  0  0]
[ 0  0  1 -2  0  0  0  0  0  0  0  0  0  0  0]
[ 0  0  0  0 -4  1 -1 -1 -1 -1 -1 -1 -1  0  0]
[ 0  0  0  0  1 -2  1  0  0  0  0  0  0  0  0]
[ 0  0  0  0 -1  1 -2  0  0  0  0  0  0  0  0]
[ 0  0  0  0 -1  0  0 -2  0  0  0  0  0  0  0]
[ 0  0  0  0 -1  0  0  0 -2  0  0  0  0  0  0]
[ 0  0  0  0 -1  0  0  0  0 -2  0  0  0  0  0]
[ 0  0  0  0 -1  0  0  0  0  0 -2  0  0  0  0]
[ 0  0  0  0 -1  0  0  0  0  0  0 -2  0  0  0]
[ 0  0  0  0 -1  0  0  0  0  0  0  0 -2  0  0]
[ 0  0  0  0  0  0  0  0  0  0  0  0  0 -2  0]
[ 0  0  0  0  0  0  0  0  0  0  0  0  0  0 -2]
Signature:  (0, 15)
Genus symbol at 2:    1^-8 [2^6 4^1]_5
Genus symbol at 5:     1^14 5^1
Finite quadratic module over Integer Ring with invariants (2, 2, 2, 2, 2, 2, 20)
Gram matrix of the quadratic form with values in Q/2Z:
[    1   1/2   1/2   1/2     0     0     0]
[  1/2     1   1/2   1/2     0     0     0]
[  1/2   1/2     1   1/2     0     0     0]
[  1/2   1/2   1/2     1     0     0     0]
[    0     0     0     0   1/2     0    50]
[    0     0     0     0     0   3/2     0]
[    0     0     0     0    50     0 19500]
7
SQUARE TEST:
[False]
2-adic TEST:
True
TMP=
True
-----END CASE ---
-------------------------

-------------------------

CASE NUMBER
11
[[1, 2, 2, 1], [1, 2, 2, 1], [0], [0], [0], [0], [0], [0], [0]]
 2A4 + 7A1 +Genus of
[-2  1  0  0  0  0  0  0  0  0  0  0  0  0  0]
[ 1 -2  1  0  0  0  0  0  0  0  0  0  0  0  0]
[ 0  1 -2  1  0  0  0  0  0  0  0  0  0  0  0]
[ 0  0  1 -2  0  0  0  0  0  0  0  0  0  0  0]
[ 0  0  0  0 -2  1  0  0  0  0  0  0  0  0  0]
[ 0  0  0  0  1 -2  1  0  0  0  0  0  0  0  0]
[ 0  0  0  0  0  1 -2  1  0  0  0  0  0  0  0]
[ 0  0  0  0  0  0  1 -2  0  0  0  0  0  0  0]
[ 0  0  0  0  0  0  0  0 -2  0  0  0  0  0  0]
[ 0  0  0  0  0  0  0  0  0 -2  0  0  0  0  0]
[ 0  0  0  0  0  0  0  0  0  0 -2  0  0  0  0]
[ 0  0  0  0  0  0  0  0  0  0  0 -2  0  0  0]
[ 0  0  0  0  0  0  0  0  0  0  0  0 -2  0  0]
[ 0  0  0  0  0  0  0  0  0  0  0  0  0 -2  0]
[ 0  0  0  0  0  0  0  0  0  0  0  0  0  0 -2]
Signature:  (0, 15)
Genus symbol at 2:    1^8 [2^7]_1
Genus symbol at 5:     1^-13 5^2
Finite quadratic module over Integer Ring with invariants (2, 2, 2, 2, 2, 10, 10)
Gram matrix of the quadratic form with values in Q/2Z:
[  3/2     0     0     0     0     0     0]
[    0   3/2     0     0     0     0     0]
[    0     0   3/2     0     0     0     0]
[    0     0     0   3/2     0     0     0]
[    0     0     0     0   3/2     0     0]
[    0     0     0     0     0 375/2     0]
[    0     0     0     0     0     0 375/2]
7
SQUARE TEST:
[False]
2-adic TEST:
True
TMP=
True
-----END CASE ---
-------------------------

-------------------------

CASE NUMBER
12
[[1, 2, 2, 2, 1], [0], [0], [0], [0], [0], [0], [0], [0], [0], [0]]
 1A5 + 10A1 +Genus of
[-4  1 -1  1 -1 -1 -2  0  0  0 -1 -1 -1 -1  0]
[ 1 -2  1  0  0  0  0  0  0  0  0  0  0  0  0]
[-1  1 -2  1  0  0  0  0  0  0  0  0  0  0  0]
[ 1  0  1 -2  1  0  0  0  0  0  0  0  0  0  0]
[-1  0  0  1 -2  0  0  0  0  0  0  0  0  0  0]
[-1  0  0  0  0 -2  0  0  0  0  0  0  0  0  0]
[-2  0  0  0  0  0 -4 -1 -1 -1 -1 -1 -1 -1  0]
[ 0  0  0  0  0  0 -1 -2  0  0  0  0  0  0  0]
[ 0  0  0  0  0  0 -1  0 -2  0  0  0  0  0  0]
[ 0  0  0  0  0  0 -1  0  0 -2  0  0  0  0  0]
[-1  0  0  0  0  0 -1  0  0  0 -2  0  0  0  0]
[-1  0  0  0  0  0 -1  0  0  0  0 -2  0  0  0]
[-1  0  0  0  0  0 -1  0  0  0  0  0 -2  0  0]
[-1  0  0  0  0  0 -1  0  0  0  0  0  0 -2  0]
[ 0  0  0  0  0  0  0  0  0  0  0  0  0  0 -2]
Signature:  (0, 15)
Genus symbol at 2:    1^-8 [2^7]_7
Genus symbol at 3:     1^-14 3^-1
Finite quadratic module over Integer Ring with invariants (2, 2, 2, 2, 2, 2, 6)
Gram matrix of the quadratic form with values in Q/2Z:
[    1   1/2   1/2   1/2   1/2   1/2   9/2]
[  1/2     1   1/2   1/2   1/2   1/2   9/2]
[  1/2   1/2   1/2     0     0     0     0]
[  1/2   1/2     0   1/2     0     0     0]
[  1/2   1/2     0     0   1/2     0     0]
[  1/2   1/2     0     0     0     0   9/2]
[  9/2   9/2     0     0     0   9/2 189/2]
7
SQUARE TEST:
[True]
TMP=
True
-----END CASE ---
-------------------------

-------------------------

CASE NUMBER
13
[[1, 2, 2, 2, 1], [1, 1], [0], [0], [0], [0], [0], [0], [0], [0]]
 1A5 + 1A2 + 8A1 +Genus of
[-4  1 -1  1 -1  0  0 -1 -1 -1 -1 -1  0  0  0]
[ 1 -2  1  0  0  0  0  0  0  0  0  0  0  0  0]
[-1  1 -2  1  0  0  0  0  0  0  0  0  0  0  0]
[ 1  0  1 -2  1  0  0  0  0  0  0  0  0  0  0]
[-1  0  0  1 -2  0  0  0  0  0  0  0  0  0  0]
[ 0  0  0  0  0 -2  1  0  0  0  0  0  0  0  0]
[ 0  0  0  0  0  1 -2  0  0  0  0  0  0  0  0]
[-1  0  0  0  0  0  0 -2  0  0  0  0  0  0  0]
[-1  0  0  0  0  0  0  0 -2  0  0  0  0  0  0]
[-1  0  0  0  0  0  0  0  0 -2  0  0  0  0  0]
[-1  0  0  0  0  0  0  0  0  0 -2  0  0  0  0]
[-1  0  0  0  0  0  0  0  0  0  0 -2  0  0  0]
[ 0  0  0  0  0  0  0  0  0  0  0  0 -2  0  0]
[ 0  0  0  0  0  0  0  0  0  0  0  0  0 -2  0]
[ 0  0  0  0  0  0  0  0  0  0  0  0  0  0 -2]
Signature:  (0, 15)
Genus symbol at 2:    1^8 [2^7]_1
Genus symbol at 3:     1^-13 3^-2
Finite quadratic module over Integer Ring with invariants (2, 2, 2, 2, 2, 6, 6)
Gram matrix of the quadratic form with values in Q/2Z:
[    1   1/2   1/2   1/2     0   9/2     0]
[  1/2     1   1/2   1/2     0   9/2     0]
[  1/2   1/2     1   1/2     0   9/2     0]
[  1/2   1/2   1/2   1/2     0     0     0]
[    0     0     0     0   3/2     0     0]
[  9/2   9/2   9/2     0     0   135     0]
[    0     0     0     0     0     0 135/2]
7
SQUARE TEST:
[True]
TMP=
True
-----END CASE ---
-------------------------

-------------------------

CASE NUMBER
14
[[1, 2, 2, 2, 2, 1], [0], [0], [0], [0], [0], [0], [0], [0], [0]]
 1A6 + 9A1 +Genus of
[-2  1  0  0  0  0  0  0  0  0  0  0  0  0  0]
[ 1 -2  1  0  0  0  0  0  0  0  0  0  0  0  0]
[ 0  1 -2  1  0  0  0  0  0  0  0  0  0  0  0]
[ 0  0  1 -2  1  0  0  0  0  0  0  0  0  0  0]
[ 0  0  0  1 -2  1  0  0  0  0  0  0  0  0  0]
[ 0  0  0  0  1 -2  0  0  0  0  0  0  0  0  0]
[ 0  0  0  0  0  0 -4 -1 -1 -1 -1 -1 -1 -1  0]
[ 0  0  0  0  0  0 -1 -2  0  0  0  0  0  0  0]
[ 0  0  0  0  0  0 -1  0 -2  0  0  0  0  0  0]
[ 0  0  0  0  0  0 -1  0  0 -2  0  0  0  0  0]
[ 0  0  0  0  0  0 -1  0  0  0 -2  0  0  0  0]
[ 0  0  0  0  0  0 -1  0  0  0  0 -2  0  0  0]
[ 0  0  0  0  0  0 -1  0  0  0  0  0 -2  0  0]
[ 0  0  0  0  0  0 -1  0  0  0  0  0  0 -2  0]
[ 0  0  0  0  0  0  0  0  0  0  0  0  0  0 -2]
Signature:  (0, 15)
Genus symbol at 2:    1^8 [2^7]_7
Genus symbol at 7:     1^-14 7^1
Finite quadratic module over Integer Ring with invariants (2, 2, 2, 2, 2, 2, 14)
Gram matrix of the quadratic form with values in Q/2Z:
[     1    1/2    1/2    1/2    1/2    1/2      0]
[   1/2      1    1/2    1/2    1/2    1/2      0]
[   1/2    1/2      1    1/2    1/2    1/2      0]
[   1/2    1/2    1/2      1    1/2    1/2      0]
[   1/2    1/2    1/2    1/2      1    1/2      0]
[   1/2    1/2    1/2    1/2    1/2      1      0]
[     0      0      0      0      0      0 8575/2]
7
SQUARE TEST:
[True]
TMP=
True
-----END CASE ---
-------------------------

-------------------------

CASE NUMBER
15
[[1, 2, 2, 2, 2, 1], [1, 1], [0], [0], [0], [0], [0], [0], [0]]
 1A6 + 1A2 + 7A1 +Genus of
[-2  1  0  0  0  0  0  0  0  0  0  0  0  0  0]
[ 1 -2  1  0  0  0  0  0  0  0  0  0  0  0  0]
[ 0  1 -2  1  0  0  0  0  0  0  0  0  0  0  0]
[ 0  0  1 -2  1  0  0  0  0  0  0  0  0  0  0]
[ 0  0  0  1 -2  1  0  0  0  0  0  0  0  0  0]
[ 0  0  0  0  1 -2  0  0  0  0  0  0  0  0  0]
[ 0  0  0  0  0  0 -2  1  0  0  0  0  0  0  0]
[ 0  0  0  0  0  0  1 -2  0  0  0  0  0  0  0]
[ 0  0  0  0  0  0  0  0 -2  0  0  0  0  0  0]
[ 0  0  0  0  0  0  0  0  0 -2  0  0  0  0  0]
[ 0  0  0  0  0  0  0  0  0  0 -2  0  0  0  0]
[ 0  0  0  0  0  0  0  0  0  0  0 -2  0  0  0]
[ 0  0  0  0  0  0  0  0  0  0  0  0 -2  0  0]
[ 0  0  0  0  0  0  0  0  0  0  0  0  0 -2  0]
[ 0  0  0  0  0  0  0  0  0  0  0  0  0  0 -2]
Signature:  (0, 15)
Genus symbol at 2:    1^-8 [2^7]_1
Genus symbol at 3:     1^14 3^1
Genus symbol at 7:     1^14 7^1
Finite quadratic module over Integer Ring with invariants (2, 2, 2, 2, 2, 2, 42)
Gram matrix of the quadratic form with values in Q/2Z:
[     3/2        0        0        0        0        0        0]
[       0      3/2        0        0        0        0        0]
[       0        0      3/2        0        0        0        0]
[       0        0        0      3/2        0        0        0]
[       0        0        0        0      3/2        0        0]
[       0        0        0        0        0      3/2        0]
[       0        0        0        0        0        0 768663/2]
7
SQUARE TEST:
[False]
2-adic TEST:
True
TMP=
True
-----END CASE ---
-------------------------

-------------------------

CASE NUMBER
16
[[1, 2, 2, 2, 2, 2, 2, 1], [0], [0], [0], [0], [0], [0], [0]]
 1A8 + 7A1 +Genus of
[-2  1  0  0  0  0  0  0  0  0  0  0  0  0  0]
[ 1 -2  1  0  0  0  0  0  0  0  0  0  0  0  0]
[ 0  1 -2  1  0  0  0  0  0  0  0  0  0  0  0]
[ 0  0  1 -2  1  0  0  0  0  0  0  0  0  0  0]
[ 0  0  0  1 -2  1  0  0  0  0  0  0  0  0  0]
[ 0  0  0  0  1 -2  1  0  0  0  0  0  0  0  0]
[ 0  0  0  0  0  1 -2  1  0  0  0  0  0  0  0]
[ 0  0  0  0  0  0  1 -2  0  0  0  0  0  0  0]
[ 0  0  0  0  0  0  0  0 -2  0  0  0  0  0  0]
[ 0  0  0  0  0  0  0  0  0 -2  0  0  0  0  0]
[ 0  0  0  0  0  0  0  0  0  0 -2  0  0  0  0]
[ 0  0  0  0  0  0  0  0  0  0  0 -2  0  0  0]
[ 0  0  0  0  0  0  0  0  0  0  0  0 -2  0  0]
[ 0  0  0  0  0  0  0  0  0  0  0  0  0 -2  0]
[ 0  0  0  0  0  0  0  0  0  0  0  0  0  0 -2]
Signature:  (0, 15)
Genus symbol at 2:    1^8 [2^7]_1
Genus symbol at 3:     1^14 9^1
Finite quadratic module over Integer Ring with invariants (2, 2, 2, 2, 2, 2, 18)
Gram matrix of the quadratic form with values in Q/2Z:
[    3/2       0       0       0       0       0       0]
[      0     3/2       0       0       0       0       0]
[      0       0     3/2       0       0       0       0]
[      0       0       0     3/2       0       0       0]
[      0       0       0       0     3/2       0       0]
[      0       0       0       0       0     3/2       0]
[      0       0       0       0       0       0 16767/2]
7
SQUARE TEST:
[True]
TMP=
True
-----END CASE ---
-------------------------

-------------------------

CASE NUMBER
17
[[1, 1, 3, 1], [1, 1, 3, 1], [1, 1, 3, 1], [1, 1], [0]]
 3D4 + 1A2 + 1A1 +Genus of
[-2  0  1  0  0  0  0  0  0  0  0  0  0  0  0]
[ 0 -2  1  0  0  0  0  0  0  0  0  0  0  0  0]
[ 1  1 -2  1  0  0  0  0  0  0  0  0  0  0  0]
[ 0  0  1 -2  0  0  0  0  0  0  0  0  0  0  0]
[ 0  0  0  0 -2  0  1  0  0  0  0  0  0  0  0]
[ 0  0  0  0  0 -2  1  0  0  0  0  0  0  0  0]
[ 0  0  0  0  1  1 -2  1  0  0  0  0  0  0  0]
[ 0  0  0  0  0  0  1 -2  0  0  0  0  0  0  0]
[ 0  0  0  0  0  0  0  0 -2  0  1  0  0  0  0]
[ 0  0  0  0  0  0  0  0  0 -2  1  0  0  0  0]
[ 0  0  0  0  0  0  0  0  1  1 -2  1  0  0  0]
[ 0  0  0  0  0  0  0  0  0  0  1 -2  0  0  0]
[ 0  0  0  0  0  0  0  0  0  0  0  0 -2  1  0]
[ 0  0  0  0  0  0  0  0  0  0  0  0  1 -2  0]
[ 0  0  0  0  0  0  0  0  0  0  0  0  0  0 -2]
Signature:  (0, 15)
Genus symbol at 2:    1^-8 [2^7]_3
Genus symbol at 3:     1^14 3^1
Finite quadratic module over Integer Ring with invariants (2, 2, 2, 2, 2, 2, 6)
Gram matrix of the quadratic form with values in Q/2Z:
[  0 1/2 1/2   0   0   0   0]
[1/2   1   0 1/2   0   0   0]
[1/2   0   1   0   0   0   0]
[  0 1/2   0   1   0   0   0]
[  0   0   0   0   1 1/2 9/2]
[  0   0   0   0 1/2 1/2   0]
[  0   0   0   0 9/2   0  27]
7
SQUARE TEST:
[True]
TMP=
True
-----END CASE ---
-------------------------

-------------------------

CASE NUMBER
18
[[1, 1, 3, 2, 1], [1, 1, 3, 1], [0], [0], [0], [0], [0], [0]]
 1D5 + 1D4 + 6A1 +Genus of
[-4 -1  1  0  0 -1 -1  1  0 -1 -1 -1 -1  0  0]
[-1 -2  1  0  0  0  0  0  0  0  0  0  0  0  0]
[ 1  1 -2  1  0  0  0  0  0  0  0  0  0  0  0]
[ 0  0  1 -2  1  0  0  0  0  0  0  0  0  0  0]
[ 0  0  0  1 -2  0  0  0  0  0  0  0  0  0  0]
[-1  0  0  0  0 -2  0  1  0  0  0  0  0  0  0]
[-1  0  0  0  0  0 -2  1  0  0  0  0  0  0  0]
[ 1  0  0  0  0  1  1 -2  1  0  0  0  0  0  0]
[ 0  0  0  0  0  0  0  1 -2  0  0  0  0  0  0]
[-1  0  0  0  0  0  0  0  0 -2  0  0  0  0  0]
[-1  0  0  0  0  0  0  0  0  0 -2  0  0  0  0]
[-1  0  0  0  0  0  0  0  0  0  0 -2  0  0  0]
[-1  0  0  0  0  0  0  0  0  0  0  0 -2  0  0]
[ 0  0  0  0  0  0  0  0  0  0  0  0  0 -2  0]
[ 0  0  0  0  0  0  0  0  0  0  0  0  0  0 -2]
Signature:  (0, 15)
Genus symbol at 2:    1^8 [2^6 4^1]_1
Finite quadratic module over Integer Ring with invariants (2, 2, 2, 2, 2, 2, 4)
Gram matrix of the quadratic form with values in Q/2Z:
[1/2   0   0   0   0   0   2]
[  0 1/2   0   0   0   0   0]
[  0   0 1/2   0   0   0   0]
[  0   0   0 1/2   0   0   0]
[  0   0   0   0 1/2   0   2]
[  0   0   0   0   0 3/2   0]
[  2   0   0   0   2   0   4]
7
SQUARE TEST:
[True]
TMP=
True
-----END CASE ---
-------------------------

-------------------------

CASE NUMBER
19
[[1, 1, 3, 1], [1, 1, 3, 1], [0], [0], [0], [0], [0], [0], [0]]
 2D4 + 7A1 +Genus of
[-4 -2  1 -1 -1  0  1 -1  0  0 -1 -1 -1 -1  0]
[-2 -4  1 -1  0 -1  1 -1 -1 -1  0  0 -1 -1  0]
[ 1  1 -2  1  0  0  0  0  0  0  0  0  0  0  0]
[-1 -1  1 -2  0  0  0  0  0  0  0  0  0  0  0]
[-1  0  0  0 -2  0  1  0  0  0  0  0  0  0  0]
[ 0 -1  0  0  0 -2  1  0  0  0  0  0  0  0  0]
[ 1  1  0  0  1  1 -2  1  0  0  0  0  0  0  0]
[-1 -1  0  0  0  0  1 -2  0  0  0  0  0  0  0]
[ 0 -1  0  0  0  0  0  0 -2  0  0  0  0  0  0]
[ 0 -1  0  0  0  0  0  0  0 -2  0  0  0  0  0]
[-1  0  0  0  0  0  0  0  0  0 -2  0  0  0  0]
[-1  0  0  0  0  0  0  0  0  0  0 -2  0  0  0]
[-1 -1  0  0  0  0  0  0  0  0  0  0 -2  0  0]
[-1 -1  0  0  0  0  0  0  0  0  0  0  0 -2  0]
[ 0  0  0  0  0  0  0  0  0  0  0  0  0  0 -2]
Signature:  (0, 15)
Genus symbol at 2:    1^8 [2^7]_1
Finite quadratic module over Integer Ring with invariants (2, 2, 2, 2, 2, 2, 2)
Gram matrix of the quadratic form with values in Q/2Z:
[1/2   0 1/2 1/2 1/2 1/2   0]
[  0 1/2 1/2 1/2 1/2 1/2   0]
[1/2 1/2 1/2   0 1/2 1/2   0]
[1/2 1/2   0 1/2 1/2 1/2   0]
[1/2 1/2 1/2 1/2 1/2   0   0]
[1/2 1/2 1/2 1/2   0 1/2   0]
[  0   0   0   0   0   0 3/2]
7
SQUARE TEST:
[True]
TMP=
True
-----END CASE ---
-------------------------

-------------------------

CASE NUMBER
20
[[1, 1, 3, 1], [1, 1, 3, 1], [1, 1], [0], [0], [0], [0], [0]]
 2D4 + 1A2 + 5A1 +Genus of
[-4 -1  1  0 -1 -1  1  0  0  0 -1 -1 -1 -1  0]
[-1 -2  1  0  0  0  0  0  0  0  0  0  0  0  0]
[ 1  1 -2  1  0  0  0  0  0  0  0  0  0  0  0]
[ 0  0  1 -2  0  0  0  0  0  0  0  0  0  0  0]
[-1  0  0  0 -2  0  1  0  0  0  0  0  0  0  0]
[-1  0  0  0  0 -2  1  0  0  0  0  0  0  0  0]
[ 1  0  0  0  1  1 -2  1  0  0  0  0  0  0  0]
[ 0  0  0  0  0  0  1 -2  0  0  0  0  0  0  0]
[ 0  0  0  0  0  0  0  0 -2  1  0  0  0  0  0]
[ 0  0  0  0  0  0  0  0  1 -2  0  0  0  0  0]
[-1  0  0  0  0  0  0  0  0  0 -2  0  0  0  0]
[-1  0  0  0  0  0  0  0  0  0  0 -2  0  0  0]
[-1  0  0  0  0  0  0  0  0  0  0  0 -2  0  0]
[-1  0  0  0  0  0  0  0  0  0  0  0  0 -2  0]
[ 0  0  0  0  0  0  0  0  0  0  0  0  0  0 -2]
Signature:  (0, 15)
Genus symbol at 2:    1^-8 [2^7]_3
Genus symbol at 3:     1^14 3^1
Finite quadratic module over Integer Ring with invariants (2, 2, 2, 2, 2, 2, 6)
Gram matrix of the quadratic form with values in Q/2Z:
[  0 1/2   0   0   0   0 9/2]
[1/2 3/2   0   0   0   0   0]
[  0   0 1/2   0   0   0   0]
[  0   0   0 1/2   0   0   0]
[  0   0   0   0 1/2   0   0]
[  0   0   0   0   0 1/2   0]
[9/2   0   0   0   0   0 108]
7
SQUARE TEST:
[True]
TMP=
True
-----END CASE ---
-------------------------

-------------------------

CASE NUMBER
21
[[1, 1, 3, 1], [1, 1, 3, 1], [1, 1], [1, 1], [0], [0], [0]]
 2D4 + 2A2 + 3A1 +Genus of
[-2  0  1  0  0  0  0  0  0  0  0  0  0  0  0]
[ 0 -2  1  0  0  0  0  0  0  0  0  0  0  0  0]
[ 1  1 -2  1  0  0  0  0  0  0  0  0  0  0  0]
[ 0  0  1 -2  0  0  0  0  0  0  0  0  0  0  0]
[ 0  0  0  0 -2  0  1  0  0  0  0  0  0  0  0]
[ 0  0  0  0  0 -2  1  0  0  0  0  0  0  0  0]
[ 0  0  0  0  1  1 -2  1  0  0  0  0  0  0  0]
[ 0  0  0  0  0  0  1 -2  0  0  0  0  0  0  0]
[ 0  0  0  0  0  0  0  0 -2  1  0  0  0  0  0]
[ 0  0  0  0  0  0  0  0  1 -2  0  0  0  0  0]
[ 0  0  0  0  0  0  0  0  0  0 -2  1  0  0  0]
[ 0  0  0  0  0  0  0  0  0  0  1 -2  0  0  0]
[ 0  0  0  0  0  0  0  0  0  0  0  0 -2  0  0]
[ 0  0  0  0  0  0  0  0  0  0  0  0  0 -2  0]
[ 0  0  0  0  0  0  0  0  0  0  0  0  0  0 -2]
Signature:  (0, 15)
Genus symbol at 2:    1^8 [2^7]_5
Genus symbol at 3:     1^13 3^2
Finite quadratic module over Integer Ring with invariants (2, 2, 2, 2, 2, 6, 6)
Gram matrix of the quadratic form with values in Q/2Z:
[  1 1/2   0   0   0   0 9/2]
[1/2 1/2   0   0   0   0   0]
[  0   0   1 1/2   0 9/2   0]
[  0   0 1/2 1/2   0   0   0]
[  0   0   0   0 3/2   0   0]
[  0   0 9/2   0   0  27   0]
[9/2   0   0   0   0   0  27]
7
SQUARE TEST:
[False]
2-adic TEST:
True
TMP=
True
-----END CASE ---
-------------------------

-------------------------

CASE NUMBER
22
[[1, 1, 3, 1], [1, 1, 3, 1], [1, 2, 2, 1], [0], [0], [0]]
 2D4 + 1A4 + 3A1 +Genus of
[-2  0  1  0  0  0  0  0  0  0  0  0  0  0  0]
[ 0 -2  1  0  0  0  0  0  0  0  0  0  0  0  0]
[ 1  1 -2  1  0  0  0  0  0  0  0  0  0  0  0]
[ 0  0  1 -2  0  0  0  0  0  0  0  0  0  0  0]
[ 0  0  0  0 -2  0  1  0  0  0  0  0  0  0  0]
[ 0  0  0  0  0 -2  1  0  0  0  0  0  0  0  0]
[ 0  0  0  0  1  1 -2  1  0  0  0  0  0  0  0]
[ 0  0  0  0  0  0  1 -2  0  0  0  0  0  0  0]
[ 0  0  0  0  0  0  0  0 -2  1  0  0  0  0  0]
[ 0  0  0  0  0  0  0  0  1 -2  1  0  0  0  0]
[ 0  0  0  0  0  0  0  0  0  1 -2  1  0  0  0]
[ 0  0  0  0  0  0  0  0  0  0  1 -2  0  0  0]
[ 0  0  0  0  0  0  0  0  0  0  0  0 -2  0  0]
[ 0  0  0  0  0  0  0  0  0  0  0  0  0 -2  0]
[ 0  0  0  0  0  0  0  0  0  0  0  0  0  0 -2]
Signature:  (0, 15)
Genus symbol at 2:    1^-8 [2^7]_5
Genus symbol at 5:     1^-14 5^1
Finite quadratic module over Integer Ring with invariants (2, 2, 2, 2, 2, 2, 10)
Gram matrix of the quadratic form with values in Q/2Z:
[   1  1/2    0    0    0    0    0]
[ 1/2    1    0  1/2    0    0 25/2]
[   0    0    1  1/2    0    0 25/2]
[   0  1/2  1/2  3/2    0    0    0]
[   0    0    0    0  3/2    0    0]
[   0    0    0    0    0  3/2    0]
[   0 25/2 25/2    0    0    0  500]
7
SQUARE TEST:
[True]
TMP=
True
-----END CASE ---
-------------------------

-------------------------

CASE NUMBER
23
[[1, 1, 3, 2, 2, 2, 1], [0], [0], [0], [0], [0], [0], [0], [0]]
 1D7 + 8A1 +Genus of
[-4 -1  1  0  0  0  0 -1 -1 -1 -1 -1 -1  0  0]
[-1 -2  1  0  0  0  0  0  0  0  0  0  0  0  0]
[ 1  1 -2  1  0  0  0  0  0  0  0  0  0  0  0]
[ 0  0  1 -2  1  0  0  0  0  0  0  0  0  0  0]
[ 0  0  0  1 -2  1  0  0  0  0  0  0  0  0  0]
[ 0  0  0  0  1 -2  1  0  0  0  0  0  0  0  0]
[ 0  0  0  0  0  1 -2  0  0  0  0  0  0  0  0]
[-1  0  0  0  0  0  0 -2  0  0  0  0  0  0  0]
[-1  0  0  0  0  0  0  0 -2  0  0  0  0  0  0]
[-1  0  0  0  0  0  0  0  0 -2  0  0  0  0  0]
[-1  0  0  0  0  0  0  0  0  0 -2  0  0  0  0]
[-1  0  0  0  0  0  0  0  0  0  0 -2  0  0  0]
[-1  0  0  0  0  0  0  0  0  0  0  0 -2  0  0]
[ 0  0  0  0  0  0  0  0  0  0  0  0  0 -2  0]
[ 0  0  0  0  0  0  0  0  0  0  0  0  0  0 -2]
Signature:  (0, 15)
Genus symbol at 2:    1^8 [2^6 4^1]_1
Finite quadratic module over Integer Ring with invariants (2, 2, 2, 2, 2, 2, 4)
Gram matrix of the quadratic form with values in Q/2Z:
[  1 1/2 1/2 1/2   0   0   0]
[1/2   1 1/2 1/2   0   0   0]
[1/2 1/2   1 1/2   0   0   0]
[1/2 1/2 1/2   1   0   0   0]
[  0   0   0   0 1/2   0   2]
[  0   0   0   0   0 3/2   0]
[  0   0   0   0   2   0  28]
7
SQUARE TEST:
[False]
2-adic TEST:
True
TMP=
True
-----END CASE ---
-------------------------

-------------------------

CASE NUMBER
24
[[1, 1, 3, 2, 2, 1], [0], [0], [0], [0], [0], [0], [0], [0], [0]]
 1D6 + 9A1 +Genus of
[-4 -2  1 -1  1 -1 -1 -1 -1 -1 -1  0  0  0  0]
[-2 -4  1 -1  1 -1 -1 -1  0  0  0 -1 -1 -1  0]
[ 1  1 -2  1  0  0  0  0  0  0  0  0  0  0  0]
[-1 -1  1 -2  1  0  0  0  0  0  0  0  0  0  0]
[ 1  1  0  1 -2  1  0  0  0  0  0  0  0  0  0]
[-1 -1  0  0  1 -2  0  0  0  0  0  0  0  0  0]
[-1 -1  0  0  0  0 -2  0  0  0  0  0  0  0  0]
[-1 -1  0  0  0  0  0 -2  0  0  0  0  0  0  0]
[-1  0  0  0  0  0  0  0 -2  0  0  0  0  0  0]
[-1  0  0  0  0  0  0  0  0 -2  0  0  0  0  0]
[-1  0  0  0  0  0  0  0  0  0 -2  0  0  0  0]
[ 0 -1  0  0  0  0  0  0  0  0  0 -2  0  0  0]
[ 0 -1  0  0  0  0  0  0  0  0  0  0 -2  0  0]
[ 0 -1  0  0  0  0  0  0  0  0  0  0  0 -2  0]
[ 0  0  0  0  0  0  0  0  0  0  0  0  0  0 -2]
Signature:  (0, 15)
Genus symbol at 2:    1^8 [2^7]_1
Finite quadratic module over Integer Ring with invariants (2, 2, 2, 2, 2, 2, 2)
Gram matrix of the quadratic form with values in Q/2Z:
[1/2 1/2 1/2 1/2 1/2   0   0]
[1/2   1 1/2 1/2 1/2 1/2   0]
[1/2 1/2   1 1/2 1/2 1/2   0]
[1/2 1/2 1/2 1/2   0   0   0]
[1/2 1/2 1/2   0 1/2   0   0]
[  0 1/2 1/2   0   0 1/2   0]
[  0   0   0   0   0   0 3/2]
7
SQUARE TEST:
[False]
2-adic TEST:
True
TMP=
True
-----END CASE ---
-------------------------

-------------------------

CASE NUMBER
25
[[1, 1, 3, 2, 2, 1], [1, 1], [0], [0], [0], [0], [0], [0], [0]]
 1D6 + 1A2 + 7A1 +Genus of
[-4  0  1 -1  1 -1  0  0 -1 -1 -1 -1 -1  0  0]
[ 0 -2  1  0  0  0  0  0  0  0  0  0  0  0  0]
[ 1  1 -2  1  0  0  0  0  0  0  0  0  0  0  0]
[-1  0  1 -2  1  0  0  0  0  0  0  0  0  0  0]
[ 1  0  0  1 -2  1  0  0  0  0  0  0  0  0  0]
[-1  0  0  0  1 -2  0  0  0  0  0  0  0  0  0]
[ 0  0  0  0  0  0 -2  1  0  0  0  0  0  0  0]
[ 0  0  0  0  0  0  1 -2  0  0  0  0  0  0  0]
[-1  0  0  0  0  0  0  0 -2  0  0  0  0  0  0]
[-1  0  0  0  0  0  0  0  0 -2  0  0  0  0  0]
[-1  0  0  0  0  0  0  0  0  0 -2  0  0  0  0]
[-1  0  0  0  0  0  0  0  0  0  0 -2  0  0  0]
[-1  0  0  0  0  0  0  0  0  0  0  0 -2  0  0]
[ 0  0  0  0  0  0  0  0  0  0  0  0  0 -2  0]
[ 0  0  0  0  0  0  0  0  0  0  0  0  0  0 -2]
Signature:  (0, 15)
Genus symbol at 2:    1^-8 [2^7]_3
Genus symbol at 3:     1^14 3^1
Finite quadratic module over Integer Ring with invariants (2, 2, 2, 2, 2, 2, 6)
Gram matrix of the quadratic form with values in Q/2Z:
[  3/2   1/2   1/2   1/2     0     0     0]
[  1/2     1   1/2   1/2   1/2     0     0]
[  1/2   1/2     1   1/2   1/2     0     0]
[  1/2   1/2   1/2     1   1/2     0     0]
[    0   1/2   1/2   1/2     1     0     0]
[    0     0     0     0     0   3/2     0]
[    0     0     0     0     0     0 135/2]
7
SQUARE TEST:
[True]
TMP=
True
-----END CASE ---
-------------------------

-------------------------

CASE NUMBER
26
[[1, 1, 3, 2, 1], [0], [0], [0], [0], [0], [0], [0], [0], [0], [0]]
 1D5 + 10A1 +Genus of
[-4 -1  1  0  0 -1 -1 -2  0  0  0 -1 -1 -1 -1]
[-1 -2  1  0  0  0  0  0  0  0  0  0  0  0  0]
[ 1  1 -2  1  0  0  0  0  0  0  0  0  0  0  0]
[ 0  0  1 -2  1  0  0  0  0  0  0  0  0  0  0]
[ 0  0  0  1 -2  0  0  0  0  0  0  0  0  0  0]
[-1  0  0  0  0 -2  0  0  0  0  0  0  0  0  0]
[-1  0  0  0  0  0 -2  0  0  0  0  0  0  0  0]
[-2  0  0  0  0  0  0 -4 -1 -1 -1 -1 -1 -1 -1]
[ 0  0  0  0  0  0  0 -1 -2  0  0  0  0  0  0]
[ 0  0  0  0  0  0  0 -1  0 -2  0  0  0  0  0]
[ 0  0  0  0  0  0  0 -1  0  0 -2  0  0  0  0]
[-1  0  0  0  0  0  0 -1  0  0  0 -2  0  0  0]
[-1  0  0  0  0  0  0 -1  0  0  0  0 -2  0  0]
[-1  0  0  0  0  0  0 -1  0  0  0  0  0 -2  0]
[-1  0  0  0  0  0  0 -1  0  0  0  0  0  0 -2]
Signature:  (0, 15)
Genus symbol at 2:    1^8 [2^6 4^1]_1
Finite quadratic module over Integer Ring with invariants (2, 2, 2, 2, 2, 2, 4)
Gram matrix of the quadratic form with values in Q/2Z:
[1/2 1/2 1/2   0   0   0   0]
[1/2   1 1/2 1/2 1/2 1/2   2]
[1/2 1/2   1 1/2 1/2 1/2   2]
[  0 1/2 1/2 1/2   0   0   2]
[  0 1/2 1/2   0 1/2   0   2]
[  0 1/2 1/2   0   0 1/2   2]
[  0   2   2   2   2   2  28]
7
SQUARE TEST:
[False]
2-adic TEST:
True
TMP=
True
-----END CASE ---
-------------------------

-------------------------

CASE NUMBER
27
[[1, 1, 3, 2, 1], [1, 1], [0], [0], [0], [0], [0], [0], [0], [0]]
 1D5 + 1A2 + 8A1 +Genus of
[-4 -1  1  0  0  0  0 -1 -1 -1 -1 -1 -1  0  0]
[-1 -2  1  0  0  0  0  0  0  0  0  0  0  0  0]
[ 1  1 -2  1  0  0  0  0  0  0  0  0  0  0  0]
[ 0  0  1 -2  1  0  0  0  0  0  0  0  0  0  0]
[ 0  0  0  1 -2  0  0  0  0  0  0  0  0  0  0]
[ 0  0  0  0  0 -2  1  0  0  0  0  0  0  0  0]
[ 0  0  0  0  0  1 -2  0  0  0  0  0  0  0  0]
[-1  0  0  0  0  0  0 -2  0  0  0  0  0  0  0]
[-1  0  0  0  0  0  0  0 -2  0  0  0  0  0  0]
[-1  0  0  0  0  0  0  0  0 -2  0  0  0  0  0]
[-1  0  0  0  0  0  0  0  0  0 -2  0  0  0  0]
[-1  0  0  0  0  0  0  0  0  0  0 -2  0  0  0]
[-1  0  0  0  0  0  0  0  0  0  0  0 -2  0  0]
[ 0  0  0  0  0  0  0  0  0  0  0  0  0 -2  0]
[ 0  0  0  0  0  0  0  0  0  0  0  0  0  0 -2]
Signature:  (0, 15)
Genus symbol at 2:    1^-8 [2^6 4^1]_3
Genus symbol at 3:     1^-14 3^1
Finite quadratic module over Integer Ring with invariants (2, 2, 2, 2, 2, 2, 12)
Gram matrix of the quadratic form with values in Q/2Z:
[   1  1/2  1/2  1/2    0    0    0]
[ 1/2    1  1/2  1/2    0    0    0]
[ 1/2  1/2    1  1/2    0    0    0]
[ 1/2  1/2  1/2    1    0    0    0]
[   0    0    0    0  1/2    0    0]
[   0    0    0    0    0  3/2    0]
[   0    0    0    0    0    0 1404]
7
SQUARE TEST:
[False]
2-adic TEST:
True
TMP=
True
-----END CASE ---
-------------------------

-------------------------

CASE NUMBER
28
[[1, 1, 3, 2, 1], [1, 2, 1], [0], [0], [0], [0], [0], [0], [0]]
 1D5 + 1A3 + 7A1 +Genus of
[-4 -1  1  0  0 -1  1 -1 -1 -1 -1 -1  0  0  0]
[-1 -2  1  0  0  0  0  0  0  0  0  0  0  0  0]
[ 1  1 -2  1  0  0  0  0  0  0  0  0  0  0  0]
[ 0  0  1 -2  1  0  0  0  0  0  0  0  0  0  0]
[ 0  0  0  1 -2  0  0  0  0  0  0  0  0  0  0]
[-1  0  0  0  0 -2  1  0  0  0  0  0  0  0  0]
[ 1  0  0  0  0  1 -2  1  0  0  0  0  0  0  0]
[-1  0  0  0  0  0  1 -2  0  0  0  0  0  0  0]
[-1  0  0  0  0  0  0  0 -2  0  0  0  0  0  0]
[-1  0  0  0  0  0  0  0  0 -2  0  0  0  0  0]
[-1  0  0  0  0  0  0  0  0  0 -2  0  0  0  0]
[-1  0  0  0  0  0  0  0  0  0  0 -2  0  0  0]
[ 0  0  0  0  0  0  0  0  0  0  0  0 -2  0  0]
[ 0  0  0  0  0  0  0  0  0  0  0  0  0 -2  0]
[ 0  0  0  0  0  0  0  0  0  0  0  0  0  0 -2]
Signature:  (0, 15)
Genus symbol at 2:    1^8 [2^5 4^2]_1
Finite quadratic module over Integer Ring with invariants (2, 2, 2, 2, 2, 4, 4)
Gram matrix of the quadratic form with values in Q/2Z:
[  1 1/2   0   0   0   0   0]
[1/2   1   0   0   0   0   2]
[  0   0 1/2   0   0   0   2]
[  0   0   0 1/2   0   2   0]
[  0   0   0   0 3/2   0   0]
[  0   0   0   2   0  20   8]
[  0   2   2   0   0   8  12]
7
SQUARE TEST:
[False]
2-adic TEST:
True
TMP=
True
-----END CASE ---
-------------------------

-------------------------

CASE NUMBER
29
[[1, 1, 3, 1], [0], [0], [0], [0], [0], [0], [0], [0], [0], [0], [0]]
 1D4 + 11A1 +Genus of
[-4 -2  1 -1  0 -2  0 -1 -1 -1 -1 -1 -1  0  0]
[-2 -4  1 -1 -1 -2  0  0 -1 -1  0  0 -1 -1 -1]
[ 1  1 -2  1  0  0  0  0  0  0  0  0  0  0  0]
[-1 -1  1 -2  0  0  0  0  0  0  0  0  0  0  0]
[ 0 -1  0  0 -2  0  0  0  0  0  0  0  0  0  0]
[-2 -2  0  0  0 -4 -1  0 -1 -1 -1 -1  0 -1 -1]
[ 0  0  0  0  0 -1 -2  0  0  0  0  0  0  0  0]
[-1  0  0  0  0  0  0 -2  0  0  0  0  0  0  0]
[-1 -1  0  0  0 -1  0  0 -2  0  0  0  0  0  0]
[-1 -1  0  0  0 -1  0  0  0 -2  0  0  0  0  0]
[-1  0  0  0  0 -1  0  0  0  0 -2  0  0  0  0]
[-1  0  0  0  0 -1  0  0  0  0  0 -2  0  0  0]
[-1 -1  0  0  0  0  0  0  0  0  0  0 -2  0  0]
[ 0 -1  0  0  0 -1  0  0  0  0  0  0  0 -2  0]
[ 0 -1  0  0  0 -1  0  0  0  0  0  0  0  0 -2]
Signature:  (0, 15)
Genus symbol at 2:    1^8 [2^7]_1
Finite quadratic module over Integer Ring with invariants (2, 2, 2, 2, 2, 2, 2)
Gram matrix of the quadratic form with values in Q/2Z:
[  0 1/2   0   0   0   0   0]
[1/2   0   0   0   0   0   0]
[  0   0 1/2   0 1/2 1/2 1/2]
[  0   0   0 1/2 1/2 1/2 1/2]
[  0   0 1/2 1/2 1/2 1/2 1/2]
[  0   0 1/2 1/2 1/2 1/2   0]
[  0   0 1/2 1/2 1/2   0 1/2]
7
SQUARE TEST:
[True]
TMP=
True
-----END CASE ---
-------------------------

-------------------------

CASE NUMBER
30
[[1, 1, 3, 1], [1, 1], [0], [0], [0], [0], [0], [0], [0], [0], [0]]
 1D4 + 1A2 + 9A1 +Genus of
[-4 -2  1 -1  0  0  0  0  0 -1 -1 -1 -1 -1 -1]
[-2 -4  1 -1  0  0 -1 -1 -1  0  0  0 -1 -1 -1]
[ 1  1 -2  1  0  0  0  0  0  0  0  0  0  0  0]
[-1 -1  1 -2  0  0  0  0  0  0  0  0  0  0  0]
[ 0  0  0  0 -2  1  0  0  0  0  0  0  0  0  0]
[ 0  0  0  0  1 -2  0  0  0  0  0  0  0  0  0]
[ 0 -1  0  0  0  0 -2  0  0  0  0  0  0  0  0]
[ 0 -1  0  0  0  0  0 -2  0  0  0  0  0  0  0]
[ 0 -1  0  0  0  0  0  0 -2  0  0  0  0  0  0]
[-1  0  0  0  0  0  0  0  0 -2  0  0  0  0  0]
[-1  0  0  0  0  0  0  0  0  0 -2  0  0  0  0]
[-1  0  0  0  0  0  0  0  0  0  0 -2  0  0  0]
[-1 -1  0  0  0  0  0  0  0  0  0  0 -2  0  0]
[-1 -1  0  0  0  0  0  0  0  0  0  0  0 -2  0]
[-1 -1  0  0  0  0  0  0  0  0  0  0  0  0 -2]
Signature:  (0, 15)
Genus symbol at 2:    1^-8 [2^7]_3
Genus symbol at 3:     1^14 3^1
Finite quadratic module over Integer Ring with invariants (2, 2, 2, 2, 2, 2, 6)
Gram matrix of the quadratic form with values in Q/2Z:
[  1   0   0   0 1/2 1/2 9/2]
[  0 1/2 1/2 1/2 1/2 1/2 9/2]
[  0 1/2   1 1/2 1/2 1/2   0]
[  0 1/2 1/2   1 1/2 1/2   0]
[1/2 1/2 1/2 1/2 1/2   0 9/2]
[1/2 1/2 1/2 1/2   0 1/2 9/2]
[9/2 9/2   0   0 9/2 9/2  27]
7
SQUARE TEST:
[True]
TMP=
True
-----END CASE ---
-------------------------

-------------------------

CASE NUMBER
31
[[1, 1, 3, 1], [1, 1], [1, 1], [0], [0], [0], [0], [0], [0], [0]]
 1D4 + 2A2 + 7A1 +Genus of
[-4 -1  1  0  0  0  0  0 -1 -1 -1 -1 -1 -1  0]
[-1 -2  1  0  0  0  0  0  0  0  0  0  0  0  0]
[ 1  1 -2  1  0  0  0  0  0  0  0  0  0  0  0]
[ 0  0  1 -2  0  0  0  0  0  0  0  0  0  0  0]
[ 0  0  0  0 -2  1  0  0  0  0  0  0  0  0  0]
[ 0  0  0  0  1 -2  0  0  0  0  0  0  0  0  0]
[ 0  0  0  0  0  0 -2  1  0  0  0  0  0  0  0]
[ 0  0  0  0  0  0  1 -2  0  0  0  0  0  0  0]
[-1  0  0  0  0  0  0  0 -2  0  0  0  0  0  0]
[-1  0  0  0  0  0  0  0  0 -2  0  0  0  0  0]
[-1  0  0  0  0  0  0  0  0  0 -2  0  0  0  0]
[-1  0  0  0  0  0  0  0  0  0  0 -2  0  0  0]
[-1  0  0  0  0  0  0  0  0  0  0  0 -2  0  0]
[-1  0  0  0  0  0  0  0  0  0  0  0  0 -2  0]
[ 0  0  0  0  0  0  0  0  0  0  0  0  0  0 -2]
Signature:  (0, 15)
Genus symbol at 2:    1^8 [2^7]_5
Genus symbol at 3:     1^13 3^2
Finite quadratic module over Integer Ring with invariants (2, 2, 2, 2, 2, 6, 6)
Gram matrix of the quadratic form with values in Q/2Z:
[  1/2     0     0     0     0     0     0]
[    0   1/2     0     0     0     0     0]
[    0     0   1/2     0     0     0     0]
[    0     0     0   1/2     0     0     0]
[    0     0     0     0   1/2     0     0]
[    0     0     0     0     0 297/2     0]
[    0     0     0     0     0     0 135/2]
7
SQUARE TEST:
[True]
TMP=
True
-----END CASE ---
-------------------------

-------------------------

CASE NUMBER
32
[[1, 1, 3, 1], [1, 1], [1, 1], [1, 1], [0], [0], [0], [0], [0]]
 1D4 + 3A2 + 5A1 +Genus of
[-2  0  1  0  0  0  0  0  0  0  0  0  0  0  0]
[ 0 -2  1  0  0  0  0  0  0  0  0  0  0  0  0]
[ 1  1 -2  1  0  0  0  0  0  0  0  0  0  0  0]
[ 0  0  1 -2  0  0  0  0  0  0  0  0  0  0  0]
[ 0  0  0  0 -2  1  0  0  0  0  0  0  0  0  0]
[ 0  0  0  0  1 -2  0  0  0  0  0  0  0  0  0]
[ 0  0  0  0  0  0 -2  1  0  0  0  0  0  0  0]
[ 0  0  0  0  0  0  1 -2  0  0  0  0  0  0  0]
[ 0  0  0  0  0  0  0  0 -2  1  0  0  0  0  0]
[ 0  0  0  0  0  0  0  0  1 -2  0  0  0  0  0]
[ 0  0  0  0  0  0  0  0  0  0 -2  0  0  0  0]
[ 0  0  0  0  0  0  0  0  0  0  0 -2  0  0  0]
[ 0  0  0  0  0  0  0  0  0  0  0  0 -2  0  0]
[ 0  0  0  0  0  0  0  0  0  0  0  0  0 -2  0]
[ 0  0  0  0  0  0  0  0  0  0  0  0  0  0 -2]
Signature:  (0, 15)
Genus symbol at 2:    1^-8 [2^7]_7
Genus symbol at 3:     1^12 3^3
Finite quadratic module over Integer Ring with invariants (2, 2, 2, 2, 6, 6, 6)
Gram matrix of the quadratic form with values in Q/2Z:
[    1   1/2     0     0   9/2     0     0]
[  1/2   1/2     0     0     0     0     0]
[    0     0   3/2     0     0     0     0]
[    0     0     0   3/2     0     0     0]
[  9/2     0     0     0    27     0     0]
[    0     0     0     0     0 135/2     0]
[    0     0     0     0     0     0 135/2]
7
SQUARE TEST:
[True]
TMP=
True
-----END CASE ---
-------------------------

-------------------------

CASE NUMBER
33
[[1, 1, 3, 1], [1, 2, 1], [0], [0], [0], [0], [0], [0], [0], [0]]
 1D4 + 1A3 + 8A1 +Genus of
[-4 -2  1 -1  0  0  0  0 -1 -1 -1 -1 -1 -1  0]
[-2 -4  1 -1 -1  1 -1 -1  0  0  0 -1 -1 -1  0]
[ 1  1 -2  1  0  0  0  0  0  0  0  0  0  0  0]
[-1 -1  1 -2  0  0  0  0  0  0  0  0  0  0  0]
[ 0 -1  0  0 -2  1  0  0  0  0  0  0  0  0  0]
[ 0  1  0  0  1 -2  1  0  0  0  0  0  0  0  0]
[ 0 -1  0  0  0  1 -2  0  0  0  0  0  0  0  0]
[ 0 -1  0  0  0  0  0 -2  0  0  0  0  0  0  0]
[-1  0  0  0  0  0  0  0 -2  0  0  0  0  0  0]
[-1  0  0  0  0  0  0  0  0 -2  0  0  0  0  0]
[-1  0  0  0  0  0  0  0  0  0 -2  0  0  0  0]
[-1 -1  0  0  0  0  0  0  0  0  0 -2  0  0  0]
[-1 -1  0  0  0  0  0  0  0  0  0  0 -2  0  0]
[-1 -1  0  0  0  0  0  0  0  0  0  0  0 -2  0]
[ 0  0  0  0  0  0  0  0  0  0  0  0  0  0 -2]
Signature:  (0, 15)
Genus symbol at 2:    1^8 [2^6 4^1]_1
Finite quadratic module over Integer Ring with invariants (2, 2, 2, 2, 2, 2, 4)
Gram matrix of the quadratic form with values in Q/2Z:
[1/2 1/2 1/2 1/2   0   0   2]
[1/2   1 1/2   0   0   0   2]
[1/2 1/2   1   0   0   0   2]
[1/2   0   0   1 1/2   0   0]
[  0   0   0 1/2   1   0   2]
[  0   0   0   0   0 1/2   2]
[  2   2   2   0   2   2   4]
7
SQUARE TEST:
[False]
2-adic TEST:
True
TMP=
True
-----END CASE ---
-------------------------

-------------------------

CASE NUMBER
34
[[1, 1, 3, 1], [1, 2, 1], [1, 1], [0], [0], [0], [0], [0], [0]]
 1D4 + 1A3 + 1A2 + 6A1 +Genus of
[-4 -1  1  0 -1  1 -1  0  0 -1 -1 -1 -1  0  0]
[-1 -2  1  0  0  0  0  0  0  0  0  0  0  0  0]
[ 1  1 -2  1  0  0  0  0  0  0  0  0  0  0  0]
[ 0  0  1 -2  0  0  0  0  0  0  0  0  0  0  0]
[-1  0  0  0 -2  1  0  0  0  0  0  0  0  0  0]
[ 1  0  0  0  1 -2  1  0  0  0  0  0  0  0  0]
[-1  0  0  0  0  1 -2  0  0  0  0  0  0  0  0]
[ 0  0  0  0  0  0  0 -2  1  0  0  0  0  0  0]
[ 0  0  0  0  0  0  0  1 -2  0  0  0  0  0  0]
[-1  0  0  0  0  0  0  0  0 -2  0  0  0  0  0]
[-1  0  0  0  0  0  0  0  0  0 -2  0  0  0  0]
[-1  0  0  0  0  0  0  0  0  0  0 -2  0  0  0]
[-1  0  0  0  0  0  0  0  0  0  0  0 -2  0  0]
[ 0  0  0  0  0  0  0  0  0  0  0  0  0 -2  0]
[ 0  0  0  0  0  0  0  0  0  0  0  0  0  0 -2]
Signature:  (0, 15)
Genus symbol at 2:    1^-8 [2^6 4^1]_3
Genus symbol at 3:     1^-14 3^1
Finite quadratic module over Integer Ring with invariants (2, 2, 2, 2, 2, 2, 12)
Gram matrix of the quadratic form with values in Q/2Z:
[ 3/2    0    0    0    0    0   18]
[   0  1/2    0    0    0    0    0]
[   0    0  1/2    0    0    0    0]
[   0    0    0  1/2    0    0    0]
[   0    0    0    0  1/2    0    0]
[   0    0    0    0    0  3/2    0]
[  18    0    0    0    0    0 1404]
7
SQUARE TEST:
[False]
2-adic TEST:
True
TMP=
True
-----END CASE ---
-------------------------

-------------------------

CASE NUMBER
35
[[1, 1, 3, 1], [1, 2, 2, 1], [0], [0], [0], [0], [0], [0], [0]]
 1D4 + 1A4 + 7A1 +Genus of
[-4 -1  1  0  0  0  0  0 -1 -1 -1 -1 -1 -1  0]
[-1 -2  1  0  0  0  0  0  0  0  0  0  0  0  0]
[ 1  1 -2  1  0  0  0  0  0  0  0  0  0  0  0]
[ 0  0  1 -2  0  0  0  0  0  0  0  0  0  0  0]
[ 0  0  0  0 -2  1  0  0  0  0  0  0  0  0  0]
[ 0  0  0  0  1 -2  1  0  0  0  0  0  0  0  0]
[ 0  0  0  0  0  1 -2  1  0  0  0  0  0  0  0]
[ 0  0  0  0  0  0  1 -2  0  0  0  0  0  0  0]
[-1  0  0  0  0  0  0  0 -2  0  0  0  0  0  0]
[-1  0  0  0  0  0  0  0  0 -2  0  0  0  0  0]
[-1  0  0  0  0  0  0  0  0  0 -2  0  0  0  0]
[-1  0  0  0  0  0  0  0  0  0  0 -2  0  0  0]
[-1  0  0  0  0  0  0  0  0  0  0  0 -2  0  0]
[-1  0  0  0  0  0  0  0  0  0  0  0  0 -2  0]
[ 0  0  0  0  0  0  0  0  0  0  0  0  0  0 -2]
Signature:  (0, 15)
Genus symbol at 2:    1^-8 [2^7]_5
Genus symbol at 5:     1^-14 5^1
Finite quadratic module over Integer Ring with invariants (2, 2, 2, 2, 2, 2, 10)
Gram matrix of the quadratic form with values in Q/2Z:
[  1/2     0     0     0     0     0     0]
[    0   1/2     0     0     0     0     0]
[    0     0   1/2     0     0     0     0]
[    0     0     0   1/2     0     0     0]
[    0     0     0     0   1/2     0     0]
[    0     0     0     0     0   1/2     0]
[    0     0     0     0     0     0 375/2]
7
SQUARE TEST:
[False]
2-adic TEST:
True
TMP=
True
-----END CASE ---
-------------------------

-------------------------

CASE NUMBER
36
[[1, 1, 3, 1], [1, 2, 2, 1], [1, 1], [0], [0], [0], [0], [0]]
 1D4 + 1A4 + 1A2 + 5A1 +Genus of
[-2  0  1  0  0  0  0  0  0  0  0  0  0  0  0]
[ 0 -2  1  0  0  0  0  0  0  0  0  0  0  0  0]
[ 1  1 -2  1  0  0  0  0  0  0  0  0  0  0  0]
[ 0  0  1 -2  0  0  0  0  0  0  0  0  0  0  0]
[ 0  0  0  0 -2  1  0  0  0  0  0  0  0  0  0]
[ 0  0  0  0  1 -2  1  0  0  0  0  0  0  0  0]
[ 0  0  0  0  0  1 -2  1  0  0  0  0  0  0  0]
[ 0  0  0  0  0  0  1 -2  0  0  0  0  0  0  0]
[ 0  0  0  0  0  0  0  0 -2  1  0  0  0  0  0]
[ 0  0  0  0  0  0  0  0  1 -2  0  0  0  0  0]
[ 0  0  0  0  0  0  0  0  0  0 -2  0  0  0  0]
[ 0  0  0  0  0  0  0  0  0  0  0 -2  0  0  0]
[ 0  0  0  0  0  0  0  0  0  0  0  0 -2  0  0]
[ 0  0  0  0  0  0  0  0  0  0  0  0  0 -2  0]
[ 0  0  0  0  0  0  0  0  0  0  0  0  0  0 -2]
Signature:  (0, 15)
Genus symbol at 2:    1^8 [2^7]_7
Genus symbol at 3:     1^-14 3^1
Genus symbol at 5:     1^14 5^1
Finite quadratic module over Integer Ring with invariants (2, 2, 2, 2, 2, 2, 30)
Gram matrix of the quadratic form with values in Q/2Z:
[    1   1/2     0     0     0     0 225/2]
[  1/2   1/2     0     0     0     0     0]
[    0     0   3/2     0     0     0     0]
[    0     0     0   3/2     0     0     0]
[    0     0     0     0   3/2     0     0]
[    0     0     0     0     0   3/2     0]
[225/2     0     0     0     0     0 77625]
7
SQUARE TEST:
[True]
TMP=
True
-----END CASE ---
-------------------------

-------------------------

CASE NUMBER
37
[[1, 2, 2, 2, 2, 1], [1, 1, 3, 1], [0], [0], [0], [0], [0]]
 1A6 + 1D4 + 5A1 +Genus of
[-2  0  1  0  0  0  0  0  0  0  0  0  0  0  0]
[ 0 -2  1  0  0  0  0  0  0  0  0  0  0  0  0]
[ 1  1 -2  1  0  0  0  0  0  0  0  0  0  0  0]
[ 0  0  1 -2  0  0  0  0  0  0  0  0  0  0  0]
[ 0  0  0  0 -2  1  0  0  0  0  0  0  0  0  0]
[ 0  0  0  0  1 -2  1  0  0  0  0  0  0  0  0]
[ 0  0  0  0  0  1 -2  1  0  0  0  0  0  0  0]
[ 0  0  0  0  0  0  1 -2  1  0  0  0  0  0  0]
[ 0  0  0  0  0  0  0  1 -2  1  0  0  0  0  0]
[ 0  0  0  0  0  0  0  0  1 -2  0  0  0  0  0]
[ 0  0  0  0  0  0  0  0  0  0 -2  0  0  0  0]
[ 0  0  0  0  0  0  0  0  0  0  0 -2  0  0  0]
[ 0  0  0  0  0  0  0  0  0  0  0  0 -2  0  0]
[ 0  0  0  0  0  0  0  0  0  0  0  0  0 -2  0]
[ 0  0  0  0  0  0  0  0  0  0  0  0  0  0 -2]
Signature:  (0, 15)
Genus symbol at 2:    1^8 [2^7]_7
Genus symbol at 7:     1^-14 7^1
Finite quadratic module over Integer Ring with invariants (2, 2, 2, 2, 2, 2, 14)
Gram matrix of the quadratic form with values in Q/2Z:
[   1  1/2    0    0    0    0 49/2]
[ 1/2  1/2    0    0    0    0    0]
[   0    0  3/2    0    0    0    0]
[   0    0    0  3/2    0    0    0]
[   0    0    0    0  3/2    0    0]
[   0    0    0    0    0  3/2    0]
[49/2    0    0    0    0    0 3087]
7
SQUARE TEST:
[False]
2-adic TEST:
True
TMP=
True
-----END CASE ---
-------------------------

-------------------------

CASE NUMBER
38
[[1, 2, 3, 2, 2, 2, 1, 1], [0], [0], [0], [0], [0], [0], [0]]
 1E8 + 7A1 +Genus of
[-2  1  0  0  0  0  0  0  0  0  0  0  0  0  0]
[ 1 -2  1  0  0  0  0  0  0  0  0  0  0  0  0]
[ 0  1 -2  1  0  0  0  1  0  0  0  0  0  0  0]
[ 0  0  1 -2  1  0  0  0  0  0  0  0  0  0  0]
[ 0  0  0  1 -2  1  0  0  0  0  0  0  0  0  0]
[ 0  0  0  0  1 -2  1  0  0  0  0  0  0  0  0]
[ 0  0  0  0  0  1 -2  0  0  0  0  0  0  0  0]
[ 0  0  1  0  0  0  0 -2  0  0  0  0  0  0  0]
[ 0  0  0  0  0  0  0  0 -2  0  0  0  0  0  0]
[ 0  0  0  0  0  0  0  0  0 -2  0  0  0  0  0]
[ 0  0  0  0  0  0  0  0  0  0 -2  0  0  0  0]
[ 0  0  0  0  0  0  0  0  0  0  0 -2  0  0  0]
[ 0  0  0  0  0  0  0  0  0  0  0  0 -2  0  0]
[ 0  0  0  0  0  0  0  0  0  0  0  0  0 -2  0]
[ 0  0  0  0  0  0  0  0  0  0  0  0  0  0 -2]
Signature:  (0, 15)
Genus symbol at 2:    1^8 [2^7]_1
Finite quadratic module over Integer Ring with invariants (2, 2, 2, 2, 2, 2, 2)
Gram matrix of the quadratic form with values in Q/2Z:
[3/2   0   0   0   0   0   0]
[  0 3/2   0   0   0   0   0]
[  0   0 3/2   0   0   0   0]
[  0   0   0 3/2   0   0   0]
[  0   0   0   0 3/2   0   0]
[  0   0   0   0   0 3/2   0]
[  0   0   0   0   0   0 3/2]
7
SQUARE TEST:
[False]
2-adic TEST:
True
TMP=
True
-----END CASE ---
-------------------------

-------------------------

CASE NUMBER
39
[[1, 2, 3, 2, 2, 1, 1], [0], [0], [0], [0], [0], [0], [0], [0]]
 1E7 + 8A1 +Genus of
[-2  1  0  0  0  0  0  0  0  0  0  0  0  0  0]
[ 1 -2  1  0  0  0  0  0  0  0  0  0  0  0  0]
[ 0  1 -2  1  0  0  1  0  0  0  0  0  0  0  0]
[ 0  0  1 -4  1 -1 -1 -1 -1 -1 -1 -1  0  0  0]
[ 0  0  0  1 -2  1  0  0  0  0  0  0  0  0  0]
[ 0  0  0 -1  1 -2  0  0  0  0  0  0  0  0  0]
[ 0  0  1 -1  0  0 -2  0  0  0  0  0  0  0  0]
[ 0  0  0 -1  0  0  0 -2  0  0  0  0  0  0  0]
[ 0  0  0 -1  0  0  0  0 -2  0  0  0  0  0  0]
[ 0  0  0 -1  0  0  0  0  0 -2  0  0  0  0  0]
[ 0  0  0 -1  0  0  0  0  0  0 -2  0  0  0  0]
[ 0  0  0 -1  0  0  0  0  0  0  0 -2  0  0  0]
[ 0  0  0  0  0  0  0  0  0  0  0  0 -2  0  0]
[ 0  0  0  0  0  0  0  0  0  0  0  0  0 -2  0]
[ 0  0  0  0  0  0  0  0  0  0  0  0  0  0 -2]
Signature:  (0, 15)
Genus symbol at 2:    1^8 [2^7]_1
Finite quadratic module over Integer Ring with invariants (2, 2, 2, 2, 2, 2, 2)
Gram matrix of the quadratic form with values in Q/2Z:
[  1 1/2 1/2 1/2   0   0   0]
[1/2   1 1/2 1/2   0   0   0]
[1/2 1/2   1 1/2   0   0   0]
[1/2 1/2 1/2   1   0   0   0]
[  0   0   0   0 3/2   0   0]
[  0   0   0   0   0 3/2   0]
[  0   0   0   0   0   0 3/2]
7
SQUARE TEST:
[True]
TMP=
True
-----END CASE ---
-------------------------

-------------------------

CASE NUMBER
40
[[1, 2, 3, 2, 1, 1], [0], [0], [0], [0], [0], [0], [0], [0], [0]]
 1E6 + 9A1 +Genus of
[-2  1  0  0  0  0  0  0  0  0  0  0  0  0  0]
[ 1 -2  1  0  0  0  0  0  0  0  0  0  0  0  0]
[ 0  1 -2  1  0  1  0  0  0  0  0  0  0  0  0]
[ 0  0  1 -2  1  0  0  0  0  0  0  0  0  0  0]
[ 0  0  0  1 -2  0  0  0  0  0  0  0  0  0  0]
[ 0  0  1  0  0 -2  0  0  0  0  0  0  0  0  0]
[ 0  0  0  0  0  0 -4 -1 -1 -1 -1 -1 -1 -1  0]
[ 0  0  0  0  0  0 -1 -2  0  0  0  0  0  0  0]
[ 0  0  0  0  0  0 -1  0 -2  0  0  0  0  0  0]
[ 0  0  0  0  0  0 -1  0  0 -2  0  0  0  0  0]
[ 0  0  0  0  0  0 -1  0  0  0 -2  0  0  0  0]
[ 0  0  0  0  0  0 -1  0  0  0  0 -2  0  0  0]
[ 0  0  0  0  0  0 -1  0  0  0  0  0 -2  0  0]
[ 0  0  0  0  0  0 -1  0  0  0  0  0  0 -2  0]
[ 0  0  0  0  0  0  0  0  0  0  0  0  0  0 -2]
Signature:  (0, 15)
Genus symbol at 2:    1^-8 [2^7]_7
Genus symbol at 3:     1^-14 3^-1
Finite quadratic module over Integer Ring with invariants (2, 2, 2, 2, 2, 2, 6)
Gram matrix of the quadratic form with values in Q/2Z:
[   1  1/2  1/2  1/2  1/2  1/2    0]
[ 1/2    1  1/2  1/2  1/2  1/2    0]
[ 1/2  1/2    1  1/2  1/2  1/2    0]
[ 1/2  1/2  1/2    1  1/2  1/2    0]
[ 1/2  1/2  1/2  1/2    1  1/2    0]
[ 1/2  1/2  1/2  1/2  1/2    1    0]
[   0    0    0    0    0    0 27/2]
7
SQUARE TEST:
[True]
TMP=
True
-----END CASE ---
-------------------------

-------------------------

CASE NUMBER
41
[[1, 2, 3, 2, 1, 1], [1, 1], [0], [0], [0], [0], [0], [0], [0]]
 1E6 + 1A2 + 7A1 +Genus of
[-2  1  0  0  0  0  0  0  0  0  0  0  0  0  0]
[ 1 -2  1  0  0  0  0  0  0  0  0  0  0  0  0]
[ 0  1 -2  1  0  1  0  0  0  0  0  0  0  0  0]
[ 0  0  1 -2  1  0  0  0  0  0  0  0  0  0  0]
[ 0  0  0  1 -2  0  0  0  0  0  0  0  0  0  0]
[ 0  0  1  0  0 -2  0  0  0  0  0  0  0  0  0]
[ 0  0  0  0  0  0 -2  1  0  0  0  0  0  0  0]
[ 0  0  0  0  0  0  1 -2  0  0  0  0  0  0  0]
[ 0  0  0  0  0  0  0  0 -2  0  0  0  0  0  0]
[ 0  0  0  0  0  0  0  0  0 -2  0  0  0  0  0]
[ 0  0  0  0  0  0  0  0  0  0 -2  0  0  0  0]
[ 0  0  0  0  0  0  0  0  0  0  0 -2  0  0  0]
[ 0  0  0  0  0  0  0  0  0  0  0  0 -2  0  0]
[ 0  0  0  0  0  0  0  0  0  0  0  0  0 -2  0]
[ 0  0  0  0  0  0  0  0  0  0  0  0  0  0 -2]
Signature:  (0, 15)
Genus symbol at 2:    1^8 [2^7]_1
Genus symbol at 3:     1^-13 3^-2
Finite quadratic module over Integer Ring with invariants (2, 2, 2, 2, 2, 6, 6)
Gram matrix of the quadratic form with values in Q/2Z:
[  3/2     0     0     0     0     0     0]
[    0   3/2     0     0     0     0     0]
[    0     0   3/2     0     0     0     0]
[    0     0     0   3/2     0     0     0]
[    0     0     0     0   3/2     0     0]
[    0     0     0     0     0 135/2     0]
[    0     0     0     0     0     0  27/2]
7
SQUARE TEST:
[True]
TMP=
True
-----END CASE ---
-------------------------

-------------------------

CASE NUMBER
42
[[1, 2, 3, 2, 1, 1], [1, 1, 3, 1], [0], [0], [0], [0], [0]]
 1E6 + 1D4 + 5A1 +Genus of
[-2  1  0  0  0  0  0  0  0  0  0  0  0  0  0]
[ 1 -2  1  0  0  0  0  0  0  0  0  0  0  0  0]
[ 0  1 -2  1  0  1  0  0  0  0  0  0  0  0  0]
[ 0  0  1 -2  1  0  0  0  0  0  0  0  0  0  0]
[ 0  0  0  1 -2  0  0  0  0  0  0  0  0  0  0]
[ 0  0  1  0  0 -2  0  0  0  0  0  0  0  0  0]
[ 0  0  0  0  0  0 -2  0  1  0  0  0  0  0  0]
[ 0  0  0  0  0  0  0 -2  1  0  0  0  0  0  0]
[ 0  0  0  0  0  0  1  1 -2  1  0  0  0  0  0]
[ 0  0  0  0  0  0  0  0  1 -2  0  0  0  0  0]
[ 0  0  0  0  0  0  0  0  0  0 -2  0  0  0  0]
[ 0  0  0  0  0  0  0  0  0  0  0 -2  0  0  0]
[ 0  0  0  0  0  0  0  0  0  0  0  0 -2  0  0]
[ 0  0  0  0  0  0  0  0  0  0  0  0  0 -2  0]
[ 0  0  0  0  0  0  0  0  0  0  0  0  0  0 -2]
Signature:  (0, 15)
Genus symbol at 2:    1^-8 [2^7]_7
Genus symbol at 3:     1^-14 3^-1
Finite quadratic module over Integer Ring with invariants (2, 2, 2, 2, 2, 2, 6)
Gram matrix of the quadratic form with values in Q/2Z:
[   1  1/2    0    0    0    0    0]
[ 1/2    1    0    0    0    0    0]
[   0    0  3/2    0    0    0    0]
[   0    0    0  3/2    0    0    0]
[   0    0    0    0  3/2    0    0]
[   0    0    0    0    0  3/2    0]
[   0    0    0    0    0    0 27/2]
7
SQUARE TEST:
[False]
2-adic TEST:
True
TMP=
True
-----END CASE ---
-------------------------

0
